market	symbol	updated	bid	ask	high	low	average	volume	servertime	localtime
BTCE	LTCBTC	1380758401	0.01725	0.01738	0.01869	0.014	0.016345	8328.0018	1380758401	1380758401
BTCE	LTCBTC	1380758416	0.01725	0.01738	0.01869	0.014	0.016345	8328.0018	1380758416	1380758403
BTCE	LTCBTC	1380758581	0.01728	0.01739	0.01869	0.014	0.016345	8332.95295	1380758581	1380758581
BTCE	LTCBTC	1380758701	0.0174	0.01741	0.01869	0.014	0.016345	8342.63323	1380758701	1380758701
BTCE	LTCBTC	1380758882	0.01752	0.01753	0.01869	0.014	0.016345	8344.59691	1380758882	1380758881
BTCE	LTCBTC	1380759002	0.01745	0.01748	0.01869	0.014	0.016345	8348.75576	1380759002	1380759001
BTCE	LTCBTC	1380759182	0.01745	0.01746	0.01869	0.014	0.016345	8348.93153	1380759182	1380759181
BTCE	LTCBTC	1380759302	0.0172	0.01746	0.01869	0.014	0.016345	8361.75679	1380759302	1380759301
BTCE	LTCBTC	1380759481	0.01729	0.01733	0.01869	0.014	0.016345	8362.70408	1380759481	1380759481
BTCE	LTCBTC	1380759483	0.01729	0.01733	0.01869	0.014	0.016345	8362.67554	1380759483	1380759482
BTCE	LTCBTC	1380759602	0.01733	0.01739	0.01869	0.014	0.016345	8364.6859	1380759602	1380759601
BTCE	LTCBTC	1380759782	0.01721	0.01725	0.01869	0.014	0.016345	8365.39259	1380759782	1380759781
BTCE	LTCBTC	1380759901	0.01722	0.01731	0.01869	0.014	0.016345	8365.87694	1380759901	1380759901
BTCE	LTCBTC	1380760082	0.01722	0.01729	0.01869	0.014	0.016345	8365.5775	1380760082	1380760081
BTCE	LTCBTC	1380760212	0.01722	0.01732	0.01869	0.014	0.016345	8362.69338	1380760211	1380760202
BTCE	LTCBTC	1380760381	0.01722	0.01737	0.01869	0.014	0.016345	8363.25933	1380760381	1380760381
BTCE	LTCBTC	1380760501	0.0172	0.01721	0.01869	0.014	0.016345	8365.42246	1380760501	1380760501
BTCE	LTCBTC	1380760681	0.01718	0.01719	0.01869	0.014	0.016345	8368.27267	1380760681	1380760681
BTCE	LTCBTC	1380760981	0.0172	0.01731	0.01869	0.014	0.016345	8367.04083	1380760981	1380760981
BTCE	LTCBTC	1380761101	0.0172	0.0173	0.01869	0.014	0.016345	8367.119	1380761101	1380761101
BTCE	LTCBTC	1380761281	0.01734	0.01735	0.01869	0.014	0.016345	8370.05706	1380761281	1380761281
BTCE	LTCBTC	1380761581	0.01735	0.01741	0.01869	0.014	0.016345	8373.61217	1380761581	1380761581
BTCE	LTCBTC	1380761701	0.01736	0.01741	0.01869	0.014	0.016345	8373.78689	1380761701	1380761701
BTCE	LTCBTC	1380761881	0.01729	0.01731	0.01869	0.014	0.016345	8374.77601	1380761881	1380761881
BTCE	LTCBTC	1380762004								1380762001
BTCE	LTCBTC	1380762005								1380762005
BTCE	LTCBTC	1380762181	0.01709	0.01712	0.01869	0.014	0.016345	8414.74239	1380762181	1380762181
BTCE	LTCBTC	1380762302	0.01701	0.0172	0.01869	0.014	0.016345	8414.68075	1380762302	1380762301
BTCE	LTCBTC	1380762481	0.01706	0.01718	0.01869	0.014	0.016345	8415.56653	1380762481	1380762481
BTCE	LTCBTC	1380762601	0.01707	0.01718	0.01869	0.014	0.016345	8415.58377	1380762601	1380762601
BTCE	LTCBTC	1380762781	0.01711	0.0172	0.01869	0.014	0.016345	8415.64188	1380762781	1380762781
BTCE	LTCBTC	1380762901	0.01709	0.0171	0.01869	0.014	0.016345	8417.03388	1380762901	1380762901
BTCE	LTCBTC	1380763081	0.01712	0.01721	0.01869	0.014	0.016345	8420.66487	1380763081	1380763081
BTCE	LTCBTC	1380763083	0.01712	0.01721	0.01869	0.014	0.016345	8420.66487	1380763083	1380763083
BTCE	LTCBTC	1380763202	0.0172	0.01721	0.01869	0.014	0.016345	8420.6884	1380763202	1380763201
BTCE	LTCBTC	1380763381	0.0172	0.01721	0.01869	0.014	0.016345	8421.04371	1380763381	1380763381
BTCE	LTCBTC	1380763502	0.0172	0.01727	0.01869	0.014	0.016345	8422.55225	1380763502	1380763501
BTCE	LTCBTC	1380763681	0.01728	0.01732	0.01869	0.014	0.016345	8423.10959	1380763681	1380763681
BTCE	LTCBTC	1380763802	0.01717	0.0173	0.01869	0.014	0.016345	8426.09429	1380763802	1380763801
BTCE	LTCBTC	1380763981	0.01719	0.01729	0.01869	0.014	0.016345	8425.15451	1380763981	1380763981
BTCE	LTCBTC	1380764101	0.01735	0.01736	0.01869	0.014	0.016345	8429.92631	1380764101	1380764101
BTCE	LTCBTC	1380764281	0.01742	0.01743	0.01869	0.014	0.016345	8428.7942	1380764281	1380764281
BTCE	LTCBTC	1380764582	0.01736	0.01743	0.01869	0.014	0.016345	8438.2013	1380764582	1380764581
BTCE	LTCBTC	1380764703	0.01736	0.01743	0.01869	0.014	0.016345	8438.41316	1380764703	1380764701
BTCE	LTCBTC	1380764881	0.01738	0.0175	0.01869	0.014	0.016345	8444.30334	1380764881	1380764881
BTCE	LTCBTC	1380765182	0.01732	0.01735	0.01869	0.014	0.016345	8449.64734	1380765182	1380765181
BTCE	LTCBTC	1380765301	0.0174	0.01742	0.01869	0.014	0.016345	8454.26453	1380765301	1380765301
BTCE	LTCBTC	1380765481	0.01733	0.01742	0.01869	0.014	0.016345	8454.7643	1380765481	1380765481
BTCE	LTCBTC	1380765601	0.01732	0.01742	0.01869	0.014	0.016345	8441.98494	1380765601	1380765601
BTCE	LTCBTC	1380765607	0.01732	0.01742	0.01869	0.014	0.016345	8441.92959	1380765607	1380765603
BTCE	LTCBTC	1380765782	0.01729	0.0173	0.01869	0.014	0.016345	8443.83125	1380765782	1380765781
BTCE	LTCBTC	1380765902	0.0173	0.0174	0.01869	0.014	0.016345	8443.33272	1380765902	1380765901
BTCE	LTCBTC	1380766082	0.01716	0.01718	0.01869	0.014	0.016345	8454.11787	1380766082	1380766081
BTCE	LTCBTC	1380766201	0.01722	0.01728	0.01869	0.014	0.016345	8454.34826	1380766201	1380766201
BTCE	LTCBTC	1380766384	0.01724	0.01728	0.01869	0.014	0.016345	8456.50897	1380766384	1380766381
BTCE	LTCBTC	1380766502	0.01717	0.01722	0.01869	0.014	0.016345	8456.66677	1380766502	1380766501
BTCE	LTCBTC	1380766681	0.01717	0.01728	0.01869	0.014	0.016345	8455.4976	1380766681	1380766681
BTCE	LTCBTC	1380766683	0.01717	0.01728	0.01869	0.014	0.016345	8455.4976	1380766683	1380766683
BTCE	LTCBTC	1380766802	0.01717	0.01728	0.01869	0.014	0.016345	8456.86354	1380766802	1380766801
BTCE	LTCBTC	1380766981	0.01717	0.0173	0.01869	0.014	0.016345	8458.66621	1380766981	1380766981
BTCE	LTCBTC	1380767102	0.01728	0.01735	0.01869	0.014	0.016345	8459.98714	1380767102	1380767101
BTCE	LTCBTC	1380767281	0.01733	0.01741	0.01869	0.014	0.016345	8465.96128	1380767281	1380767281
BTCE	LTCBTC	1380767409								1380767401
BTCE	LTCBTC	1380767581	0.01732	0.01741	0.01869	0.014	0.016345	8465.34509	1380767581	1380767581
BTCE	LTCBTC	1380767701	0.01733	0.01749	0.01869	0.014	0.016345	8465.82012	1380767701	1380767701
BTCE	LTCBTC	1380767882	0.01734	0.01743	0.01869	0.014	0.016345	8466.23345	1380767882	1380767881
BTCE	LTCBTC	1380768182	0.01741	0.01756	0.01869	0.014	0.016345	8484.28131	1380768182	1380768181
BTCE	LTCBTC	1380768301	0.01741	0.01756	0.01869	0.014	0.016345	8488.55519	1380768301	1380768301
BTCE	LTCBTC	1380768481	0.0174	0.0175	0.01869	0.014	0.016345	8487.4767	1380768481	1380768481
BTCE	LTCBTC	1380768782	0.01743	0.01758	0.01869	0.014	0.016345	8493.29926	1380768782	1380768782
BTCE	LTCBTC	1380768901	0.01749	0.01759	0.01869	0.014	0.016345	8494.29612	1380768901	1380768901
BTCE	LTCBTC	1380769082	0.01748	0.01753	0.01869	0.014	0.016345	8476.4438	1380769082	1380769082
BTCE	LTCBTC	1380769208								1380769208
BTCE	LTCBTC	1380769214	0.01747	0.01754	0.01869	0.014	0.016345	8482.97455	1380769214	1380769202
BTCE	LTCBTC	1380769381	0.01744	0.01754	0.01869	0.014	0.016345	8483.90763	1380769381	1380769381
BTCE	LTCBTC	1380769502	0.01743	0.01759	0.01869	0.014	0.016345	8484.96335	1380769502	1380769501
BTCE	LTCBTC	1380769681	0.01743	0.01744	0.01869	0.014	0.016345	8488.08809	1380769681	1380769681
BTCE	LTCBTC	1380769808	0.01744	0.01759	0.01869	0.014	0.016345	8488.19963	1380769808	1380769801
BTCE	LTCBTC	1380769981	0.0174	0.01743	0.01869	0.014	0.016345	8478.29458	1380769981	1380769981
BTCE	LTCBTC	1380770101	0.01741	0.01743	0.01869	0.014	0.016345	8476.80658	1380770101	1380770101
BTCE	LTCBTC	1380770282	0.01737	0.01739	0.01869	0.014	0.016345	8476.66643	1380770282	1380770281
BTCE	LTCBTC	1380770284	0.01737	0.01739	0.01869	0.014	0.016345	8476.66643	1380770284	1380770284
BTCE	LTCBTC	1380770401	0.01729	0.0173	0.01869	0.014	0.016345	8476.66066	1380770401	1380770401
BTCE	LTCBTC	1380770581	0.01728	0.01733	0.01869	0.014	0.016345	8478.72367	1380770581	1380770581
BTCE	LTCBTC	1380770701	0.0173	0.01736	0.01869	0.014	0.016345	8479.67597	1380770701	1380770701
BTCE	LTCBTC	1380770882	0.01729	0.01734	0.01869	0.014	0.016345	8488.65844	1380770882	1380770881
BTCE	LTCBTC	1380771013	0.0173	0.01733	0.01869	0.014	0.016345	8490.91264	1380771013	1380771001
BTCE	LTCBTC	1380771181	0.01728	0.01734	0.01869	0.014	0.016345	8491.99373	1380771181	1380771181
BTCE	LTCBTC	1380771301	0.0173	0.01731	0.01869	0.014	0.016345	8492.17887	1380771301	1380771301
BTCE	LTCBTC	1380771481	0.01725	0.01734	0.01869	0.014	0.016345	8499.72058	1380771481	1380771481
BTCE	LTCBTC	1380771781	0.01734	0.01743	0.01867	0.014	0.016335	8513.16157	1380771781	1380771781
BTCE	LTCBTC	1380771904	0.01735	0.01743	0.01867	0.014	0.016335	8513.16157	1380771904	1380771901
BTCE	LTCBTC	1380772081	0.01735	0.01743	0.01867	0.014	0.016335	8511.88631	1380772081	1380772081
BTCE	LTCBTC	1380772381	0.01737	0.01744	0.01867	0.014	0.016335	8537.5569	1380772381	1380772381
BTCE	LTCBTC	1380772502	0.01739	0.01747	0.01867	0.014	0.016335	8536.86663	1380772502	1380772501
BTCE	LTCBTC	1380772681	0.01739	0.01747	0.01867	0.014	0.016335	8536.88823	1380772681	1380772681
BTCE	LTCBTC	1380772804	0.01745	0.0175	0.01867	0.014	0.016335	8536.10589	1380772804	1380772801
BTCE	LTCBTC	1380772805								1380772805
BTCE	LTCBTC	1380772982	0.01745	0.01749	0.01867	0.014	0.016335	8544.94075	1380772982	1380772981
BTCE	LTCBTC	1380773102	0.0175	0.01753	0.01867	0.014	0.016335	8543.43906	1380773102	1380773101
BTCE	LTCBTC	1380773282	0.0175	0.01756	0.01867	0.014	0.016335	8543.57219	1380773282	1380773281
BTCE	LTCBTC	1380773404	0.01747	0.01756	0.01867	0.014	0.016335	8548.60646	1380773404	1380773401
BTCE	LTCBTC	1380773581	0.01747	0.01758	0.01867	0.014	0.016335	8547.58283	1380773581	1380773581
BTCE	LTCBTC	1380773701	0.01748	0.01757	0.01867	0.014	0.016335	8509.96431	1380773701	1380773701
BTCE	LTCBTC	1380773881	0.01748	0.01756	0.01867	0.014	0.016335	8505.15173	1380773881	1380773881
BTCE	LTCBTC	1380773883	0.01748	0.01756	0.01867	0.014	0.016335	8505.15173	1380773883	1380773883
BTCE	LTCBTC	1380774004	0.01744	0.01754	0.01867	0.014	0.016335	8509.24655	1380774004	1380774001
BTCE	LTCBTC	1380774181	0.01752	0.01754	0.01867	0.014	0.016335	8509.46847	1380774181	1380774181
BTCE	LTCBTC	1380774301	0.01747	0.01748	0.01867	0.014	0.016335	8509.80588	1380774301	1380774301
BTCE	LTCBTC	1380774482	0.01748	0.01752	0.01867	0.014	0.016335	8510.51236	1380774482	1380774481
BTCE	LTCBTC	1380774603	0.01749	0.01752	0.01867	0.014	0.016335	8511.60483	1380774603	1380774601
BTCE	LTCBTC	1380774781	0.01752	0.01754	0.01867	0.014	0.016335	8476.61206	1380774781	1380774781
BTCE	LTCBTC	1380774901	0.01752	0.01757	0.01867	0.014	0.016335	8478.40833	1380774901	1380774901
BTCE	LTCBTC	1380775082	0.01749	0.01759	0.01867	0.014	0.016335	8478.14314	1380775082	1380775081
BTCE	LTCBTC	1380775381	0.01749	0.01759	0.01867	0.014	0.016335	8472.16921	1380775381	1380775381
BTCE	LTCBTC	1380775502	0.01749	0.01759	0.01867	0.014	0.016335	8472.46516	1380775502	1380775501
BTCE	LTCBTC	1380775681	0.0175	0.0176	0.01867	0.014	0.016335	8474.24278	1380775681	1380775681
BTCE	LTCBTC	1380775981	0.01749	0.01757	0.01867	0.014	0.016335	8452.51593	1380775981	1380775981
BTCE	LTCBTC	1380776101	0.01748	0.01756	0.01867	0.014	0.016335	8452.52169	1380776101	1380776101
BTCE	LTCBTC	1380776281	0.0175	0.01755	0.01867	0.014	0.016335	8453.66037	1380776281	1380776281
BTCE	LTCBTC	1380776407								1380776407
BTCE	LTCBTC	1380776411	0.01749	0.01758	0.01867	0.014	0.016335	8454.63339	1380776411	1380776401
BTCE	LTCBTC	1380776582	0.01746	0.01759	0.01867	0.014	0.016335	8460.33664	1380776582	1380776581
BTCE	LTCBTC	1380776704	0.01752	0.01759	0.01867	0.014	0.016335	8460.4148	1380776704	1380776701
BTCE	LTCBTC	1380776881	0.01747	0.01759	0.01867	0.014	0.016335	8442.41691	1380776881	1380776881
BTCE	LTCBTC	1380777003	0.01744	0.01746	0.01867	0.014	0.016335	8443.55492	1380777003	1380777001
BTCE	LTCBTC	1380777181	0.01741	0.01754	0.01867	0.014	0.016335	8448.98484	1380777181	1380777181
BTCE	LTCBTC	1380777301	0.01741	0.01753	0.01867	0.014	0.016335	8448.1787	1380777301	1380777301
BTCE	LTCBTC	1380777481	0.01741	0.01751	0.01867	0.014	0.016335	8448.19027	1380777481	1380777481
BTCE	LTCBTC	1380777483	0.01741	0.01751	0.01867	0.014	0.016335	8448.10021	1380777483	1380777483
BTCE	LTCBTC	1380777602	0.01743	0.01751	0.01867	0.014	0.016335	8448.10021	1380777602	1380777601
BTCE	LTCBTC	1380777781	0.01743	0.01746	0.01867	0.014	0.016335	8448.76583	1380777781	1380777781
BTCE	LTCBTC	1380777902	0.01744	0.01746	0.01867	0.014	0.016335	8451.68182	1380777902	1380777901
BTCE	LTCBTC	1380778081	0.01727	0.01737	0.01867	0.014	0.016335	8449.94122	1380778081	1380778081
BTCE	LTCBTC	1380778201	0.01722	0.01727	0.01867	0.014	0.016335	8452.12907	1380778201	1380778201
BTCE	LTCBTC	1380778381	0.01714	0.01718	0.01867	0.014	0.016335	8464.70596	1380778381	1380778381
BTCE	LTCBTC	1380778501	0.01713	0.01718	0.01867	0.014	0.016335	8466.98291	1380778501	1380778501
BTCE	LTCBTC	1380778681	0.01713	0.01718	0.01867	0.014	0.016335	8467.03721	1380778681	1380778681
BTCE	LTCBTC	1380778982	0.01712	0.01713	0.01867	0.014	0.016335	8474.1007	1380778982	1380778981
BTCE	LTCBTC	1380779102	0.01712	0.01713	0.01867	0.014	0.016335	8476.42033	1380779102	1380779101
BTCE	LTCBTC	1380779281	0.01708	0.01713	0.01867	0.014	0.016335	8484.18524	1380779281	1380779281
BTCE	LTCBTC	1380779582	0.01721	0.01735	0.01867	0.014	0.016335	8485.17107	1380779582	1380779581
BTCE	LTCBTC	1380779702	0.01721	0.01733	0.01867	0.014	0.016335	8485.55117	1380779702	1380779701
BTCE	LTCBTC	1380779881	0.01718	0.01732	0.01867	0.014	0.016335	8476.46463	1380779881	1380779881
BTCE	LTCBTC	1380780001	0.0172	0.0173	0.01867	0.014	0.016335	8459.51963	1380780001	1380780001
BTCE	LTCBTC	1380780020	0.0172	0.0173	0.01867	0.014	0.016335	8458.65753	1380780020	1380780002
BTCE	LTCBTC	1380780181	0.0172	0.01728	0.01867	0.014	0.016335	8454.14994	1380780181	1380780181
BTCE	LTCBTC	1380780303	0.0172	0.01724	0.01854	0.014	0.01627	8452.11881	1380780302	1380780301
BTCE	LTCBTC	1380780481	0.0172	0.01721	0.01854	0.014	0.01627	8454.18336	1380780481	1380780481
BTCE	LTCBTC	1380780602	0.0172	0.01722	0.01854	0.014	0.01627	8454.14747	1380780602	1380780601
BTCE	LTCBTC	1380780782	0.01723	0.01731	0.01854	0.014	0.01627	8449.76443	1380780782	1380780781
BTCE	LTCBTC	1380780902	0.01714	0.0173	0.01854	0.014	0.01627	8460.5709	1380780902	1380780901
BTCE	LTCBTC	1380781082	0.01717	0.01729	0.01854	0.014	0.01627	8448.93518	1380781082	1380781081
BTCE	LTCBTC	1380781084	0.01717	0.01729	0.01854	0.014	0.01627	8448.93518	1380781084	1380781083
BTCE	LTCBTC	1380781201	0.01717	0.01729	0.01854	0.014	0.01627	8448.93518	1380781201	1380781201
BTCE	LTCBTC	1380781381	0.01722	0.01733	0.01854	0.014	0.01627	8448.75245	1380781381	1380781381
BTCE	LTCBTC	1380781501	0.0173	0.01735	0.01854	0.014	0.01627	8449.88124	1380781501	1380781501
BTCE	LTCBTC	1380781681	0.01719	0.0173	0.01854	0.014	0.01627	8450.67142	1380781681	1380781681
BTCE	LTCBTC	1380781801	0.0172	0.01725	0.01854	0.014	0.01627	8452.2374	1380781801	1380781801
BTCE	LTCBTC	1380781981	0.01717	0.01718	0.01854	0.014	0.01627	8450.12957	1380781981	1380781981
BTCE	LTCBTC	1380782101	0.01715	0.01717	0.01854	0.014	0.01627	8460.06934	1380782101	1380782101
BTCE	LTCBTC	1380782281	0.01716	0.01726	0.01854	0.014	0.01627	8462.15106	1380782281	1380782281
BTCE	LTCBTC	1380782581	0.01718	0.01729	0.01854	0.014	0.01627	8462.59483	1380782581	1380782581
BTCE	LTCBTC	1380782701	0.01718	0.01731	0.01854	0.014	0.01627	8462.61605	1380782701	1380782701
BTCE	LTCBTC	1380782881	0.01717	0.01719	0.01854	0.014	0.01627	8465.43123	1380782881	1380782881
BTCE	LTCBTC	1380783181	0.01717	0.01726	0.01854	0.014	0.01627	8456.87201	1380783181	1380783181
BTCE	LTCBTC	1380783301	0.01726	0.01727	0.01854	0.014	0.01627	8455.75405	1380783301	1380783301
BTCE	LTCBTC	1380783481	0.01726	0.01727	0.01854	0.014	0.01627	8456.21148	1380783481	1380783481
BTCE	LTCBTC	1380783607								1380783607
BTCE	LTCBTC	1380783608	0.01729	0.01735	0.01854	0.014	0.01627	8460.80451	1380783608	1380783601
BTCE	LTCBTC	1380783782	0.01729	0.01735	0.01854	0.014	0.01627	8460.30278	1380783782	1380783782
BTCE	LTCBTC	1380783901	0.01729	0.01735	0.01854	0.014	0.01627	8460.21824	1380783901	1380783901
BTCE	LTCBTC	1380784081	0.01729	0.01736	0.01854	0.014	0.01627	8459.44541	1380784081	1380784081
BTCE	LTCBTC	1380784201	0.0173	0.01736	0.01854	0.014	0.01627	8459.44541	1380784201	1380784201
BTCE	LTCBTC	1380784388	0.01736	0.01737	0.01854	0.014	0.01627	8459.41723	1380784388	1380784381
BTCE	LTCBTC	1380784501	0.0173	0.0174	0.01854	0.014	0.01627	8466.05912	1380784501	1380784501
BTCE	LTCBTC	1380784681	0.01733	0.0174	0.01854	0.014	0.01627	8468.81343	1380784681	1380784681
BTCE	LTCBTC	1380784682	0.01733	0.0174	0.01854	0.014	0.01627	8468.81343	1380784682	1380784682
BTCE	LTCBTC	1380784801	0.01733	0.01746	0.01854	0.014	0.01627	8468.69327	1380784801	1380784801
BTCE	LTCBTC	1380784981	0.01733	0.01741	0.01854	0.014	0.01627	8468.72022	1380784981	1380784981
BTCE	LTCBTC	1380785101	0.01733	0.01744	0.01854	0.014	0.01627	8470.45933	1380785101	1380785101
BTCE	LTCBTC	1380785283	0.01737	0.01746	0.01854	0.014	0.01627	8467.51486	1380785283	1380785281
BTCE	LTCBTC	1380785406	0.01738	0.01746	0.01854	0.014	0.01627	8454.47947	1380785406	1380785401
BTCE	LTCBTC	1380785582	0.01738	0.01746	0.01854	0.014	0.01627	8454.47947	1380785582	1380785581
BTCE	LTCBTC	1380785702	0.01728	0.01736	0.01854	0.014	0.01627	8456.60201	1380785702	1380785702
BTCE	LTCBTC	1380785881	0.01728	0.01734	0.01854	0.014	0.01627	8455.18026	1380785881	1380785881
BTCE	LTCBTC	1380786182	0.01729	0.01737	0.01854	0.014	0.01627	8456.8348	1380786182	1380786182
BTCE	LTCBTC	1380786301	0.01728	0.01736	0.01854	0.014	0.01627	8454.73843	1380786301	1380786301
BTCE	LTCBTC	1380786482	0.01727	0.01728	0.01854	0.014	0.01627	8456.03449	1380786482	1380786481
BTCE	LTCBTC	1380786782	0.01723	0.01728	0.01854	0.014	0.01627	8458.24849	1380786782	1380786781
BTCE	LTCBTC	1380786901	0.01722	0.01728	0.01854	0.014	0.01627	8458.25069	1380786901	1380786901
BTCE	LTCBTC	1380787081	0.01724	0.01728	0.01854	0.014	0.01627	8427.14297	1380787081	1380787081
BTCE	LTCBTC	1380787207	0.01724	0.01728	0.01854	0.014	0.01627	8426.5088	1380787207	1380787201
BTCE	LTCBTC	1380787219	0.01724	0.01728	0.01854	0.014	0.01627	8426.5088	1380787219	1380787207
BTCE	LTCBTC	1380787381	0.0172	0.01721	0.01854	0.014	0.01627	8426.95651	1380787381	1380787381
BTCE	LTCBTC	1380787501	0.0172	0.01721	0.01854	0.014	0.01627	8426.9087	1380787501	1380787501
BTCE	LTCBTC	1380787682	0.01718	0.01721	0.01854	0.014	0.01627	8427.47749	1380787682	1380787681
BTCE	LTCBTC	1380787802	0.01718	0.01721	0.01854	0.014	0.01627	8427.40179	1380787802	1380787802
BTCE	LTCBTC	1380787984	0.01721	0.01723	0.01854	0.014	0.01627	8419.52359	1380787984	1380787982
BTCE	LTCBTC	1380788101	0.01721	0.01724	0.01854	0.014	0.01627	8422.52876	1380788101	1380788101
BTCE	LTCBTC	1380788281	0.01721	0.01728	0.01854	0.014	0.01627	8423.99787	1380788281	1380788281
BTCE	LTCBTC	1380788283	0.01721	0.01728	0.01854	0.014	0.01627	8423.99787	1380788283	1380788283
BTCE	LTCBTC	1380788401	0.01721	0.01728	0.01854	0.014	0.01627	8424.05645	1380788401	1380788401
BTCE	LTCBTC	1380788582	0.01721	0.01736	0.01854	0.014	0.01627	8425.1965	1380788582	1380788581
BTCE	LTCBTC	1380788701	0.01723	0.01734	0.01854	0.014	0.01627	8425.21372	1380788701	1380788701
BTCE	LTCBTC	1380788882	0.01722	0.01732	0.01854	0.014	0.01627	8482.45555	1380788882	1380788881
BTCE	LTCBTC	1380789011	0.01728	0.01735	0.01854	0.014	0.01627	8478.53176	1380789011	1380789001
BTCE	LTCBTC	1380789181	0.01728	0.01737	0.01854	0.014	0.01627	8457.60873	1380789181	1380789181
BTCE	LTCBTC	1380789301	0.01726	0.01735	0.01854	0.014	0.01627	8454.76817	1380789301	1380789301
BTCE	LTCBTC	1380789481	0.01726	0.01727	0.01854	0.014	0.01627	8427.37758	1380789481	1380789481
BTCE	LTCBTC	1380789781	0.01726	0.01727	0.01854	0.014	0.01627	8427.00485	1380789781	1380789781
BTCE	LTCBTC	1380789901	0.01724	0.01725	0.01854	0.014	0.01627	8432.04174	1380789901	1380789901
BTCE	LTCBTC	1380790081	0.01723	0.01724	0.01854	0.014	0.01627	8435.82694	1380790081	1380790081
BTCE	LTCBTC	1380790383	0.0172	0.01726	0.01854	0.014	0.01627	8428.36181	1380790382	1380790381
BTCE	LTCBTC	1380790505	0.01721	0.01726	0.01854	0.014	0.01627	8427.73677	1380790505	1380790501
BTCE	LTCBTC	1380790514	0.01721	0.01726	0.01854	0.014	0.01627	8427.73677	1380790514	1380790514
BTCE	LTCBTC	1380790681	0.01721	0.01726	0.01854	0.014	0.01627	8427.44867	1380790681	1380790681
BTCE	LTCBTC	1380790808								1380790807
BTCE	LTCBTC	1380790811	0.01726	0.01727	0.01854	0.014	0.01627	8427.4191	1380790811	1380790801
BTCE	LTCBTC	1380790981	0.01722	0.01726	0.01854	0.014	0.01627	8428.74481	1380790981	1380790981
BTCE	LTCBTC	1380791101	0.01722	0.01727	0.01854	0.014	0.01627	8421.13658	1380791101	1380791101
BTCE	LTCBTC	1380791281	0.01722	0.01727	0.01854	0.014	0.01627	8420.01483	1380791281	1380791281
BTCE	LTCBTC	1380791402	0.01725	0.01734	0.01854	0.014	0.01627	8419.53857	1380791402	1380791401
BTCE	LTCBTC	1380791582	0.01725	0.01734	0.01854	0.014	0.01627	8422.0717	1380791582	1380791581
BTCE	LTCBTC	1380791702	0.01725	0.01737	0.01854	0.014	0.01627	8423.91002	1380791702	1380791701
BTCE	LTCBTC	1380791882	0.01725	0.01736	0.01854	0.014	0.01627	8424.54193	1380791882	1380791881
BTCE	LTCBTC	1380791884	0.01725	0.01736	0.01854	0.014	0.01627	8379.63084	1380791884	1380791883
BTCE	LTCBTC	1380792004	0.01729	0.01738	0.01854	0.014	0.01627	8411.80997	1380792004	1380792001
BTCE	LTCBTC	1380792182	0.01729	0.01738	0.01854	0.014	0.01627	8421.37574	1380792182	1380792182
BTCE	LTCBTC	1380792301	0.0173	0.01737	0.01854	0.014	0.01627	8421.19083	1380792301	1380792301
BTCE	LTCBTC	1380792481	0.01731	0.01737	0.01854	0.014	0.01627	8421.19083	1380792481	1380792481
BTCE	LTCBTC	1380792612	0.01731	0.0174	0.01854	0.014	0.01627	8425.05241	1380792612	1380792601
BTCE	LTCBTC	1380792782	0.0173	0.0174	0.01854	0.014	0.01627	8426.96455	1380792782	1380792781
BTCE	LTCBTC	1380792901	0.01724	0.0173	0.01854	0.014	0.01627	8432.16241	1380792901	1380792901
BTCE	LTCBTC	1380793081	0.01727	0.01736	0.01854	0.014	0.01627	8430.88452	1380793081	1380793081
BTCE	LTCBTC	1380793381	0.01729	0.01735	0.01854	0.014	0.01627	8429.38623	1380793381	1380793381
BTCE	LTCBTC	1380793502	0.0172	0.01729	0.01854	0.014	0.01627	8433.33868	1380793501	1380793501
BTCE	LTCBTC	1380793681	0.0172	0.01729	0.01854	0.014	0.01627	8418.31376	1380793681	1380793681
BTCE	LTCBTC	1380793981	0.01721	0.01729	0.01854	0.014	0.01627	8403.23904	1380793981	1380793981
BTCE	LTCBTC	1380794102	0.01721	0.01728	0.01854	0.014	0.01627	8403.72954	1380794101	1380794101
BTCE	LTCBTC	1380794282	0.01721	0.01728	0.01854	0.014	0.01627	8403.72954	1380794282	1380794281
BTCE	LTCBTC	1380794403								1380794401
BTCE	LTCBTC	1380794405								1380794404
BTCE	LTCBTC	1380794581	0.01723	0.01736	0.01854	0.014	0.01627	8399.96021	1380794581	1380794581
BTCE	LTCBTC	1380794701	0.01723	0.01739	0.01854	0.014	0.01627	8409.79821	1380794701	1380794701
BTCE	LTCBTC	1380794881	0.01728	0.01737	0.01854	0.014	0.01627	8409.40935	1380794881	1380794881
BTCE	LTCBTC	1380795005	0.01729	0.01738	0.01854	0.014	0.01627	8409.44956	1380795005	1380795002
BTCE	LTCBTC	1380795182	0.01727	0.01737	0.01854	0.014	0.01627	8417.86047	1380795182	1380795181
BTCE	LTCBTC	1380795302	0.01729	0.01744	0.01854	0.014	0.01627	8419.76147	1380795301	1380795301
BTCE	LTCBTC	1380795482	0.01726	0.0173	0.01854	0.014	0.01627	8422.79084	1380795481	1380795481
BTCE	LTCBTC	1380795484	0.01726	0.0173	0.01854	0.014	0.01627	8422.79084	1380795484	1380795483
BTCE	LTCBTC	1380795602	0.01726	0.0173	0.01854	0.014	0.01627	8422.79084	1380795602	1380795601
BTCE	LTCBTC	1380795784	0.01726	0.0173	0.01854	0.014	0.01627	8424.72478	1380795784	1380795781
BTCE	LTCBTC	1380795901	0.01726	0.01729	0.01854	0.014	0.01627	8426.04493	1380795901	1380795901
BTCE	LTCBTC	1380796082	0.01719	0.01721	0.01854	0.014	0.01627	8451.23063	1380796082	1380796081
BTCE	LTCBTC	1380796209	0.0171	0.01721	0.01854	0.014	0.01627	8482.42016	1380796208	1380796201
BTCE	LTCBTC	1380796382	0.01702	0.01713	0.01854	0.014	0.01627	8479.17144	1380796382	1380796381
BTCE	LTCBTC	1380796502	0.01703	0.01713	0.01854	0.014	0.01627	8482.8165	1380796502	1380796501
BTCE	LTCBTC	1380796682	0.01703	0.01707	0.01854	0.014	0.01627	8525.43787	1380796682	1380796681
BTCE	LTCBTC	1380796982	0.01703	0.01707	0.01854	0.014	0.01627	8529.37043	1380796982	1380796981
BTCE	LTCBTC	1380797102	0.01701	0.01704	0.01854	0.014	0.01627	8538.35053	1380797102	1380797101
BTCE	LTCBTC	1380797285	0.01697	0.01699	0.01854	0.014	0.01627	8542.59509	1380797285	1380797281
BTCE	LTCBTC	1380797582	0.01696	0.01704	0.01854	0.014	0.01627	8555.38647	1380797582	1380797582
BTCE	LTCBTC	1380797701	0.01696	0.01704	0.01854	0.014	0.01627	8555.462	1380797701	1380797701
BTCE	LTCBTC	1380797713	0.01696	0.01704	0.01854	0.014	0.01627	8555.462	1380797713	1380797713
BTCE	LTCBTC	1380797883	0.01705	0.01707	0.01854	0.014	0.01627	8556.95951	1380797883	1380797882
BTCE	LTCBTC	1380798008								1380798007
BTCE	LTCBTC	1380798010	0.01705	0.0171	0.01854	0.014	0.01627	8558.65053	1380798010	1380798001
BTCE	LTCBTC	1380798182	0.01713	0.01714	0.01854	0.014	0.01627	8559.52615	1380798182	1380798181
BTCE	LTCBTC	1380798301	0.01707	0.01711	0.01854	0.014	0.01627	8566.5121	1380798301	1380798301
BTCE	LTCBTC	1380798482	0.01699	0.01707	0.01854	0.014	0.01627	8552.92638	1380798482	1380798481
BTCE	LTCBTC	1380798601	0.01698	0.01699	0.01854	0.014	0.01627	8552.40175	1380798601	1380798601
BTCE	LTCBTC	1380798781	0.01701	0.01707	0.01854	0.014	0.01627	8553.25075	1380798781	1380798781
BTCE	LTCBTC	1380798901	0.01701	0.0171	0.01854	0.014	0.01627	8556.57271	1380798901	1380798901
BTCE	LTCBTC	1380799081	0.01707	0.01717	0.01854	0.014	0.01627	8556.69568	1380799081	1380799081
BTCE	LTCBTC	1380799083	0.01707	0.01717	0.01854	0.014	0.01627	8556.69568	1380799083	1380799083
BTCE	LTCBTC	1380799202	0.01707	0.01717	0.01854	0.014	0.01627	8556.69568	1380799202	1380799201
BTCE	LTCBTC	1380799381	0.01708	0.01716	0.01854	0.014	0.01627	8557.66179	1380799381	1380799381
BTCE	LTCBTC	1380799502	0.01709	0.01715	0.01854	0.014	0.01627	8557.56832	1380799501	1380799501
BTCE	LTCBTC	1380799683	0.01705	0.0171	0.01854	0.014	0.01627	8557.86772	1380799683	1380799681
BTCE	LTCBTC	1380799811	0.01704	0.01705	0.01854	0.014	0.01627	8558.67966	1380799811	1380799801
BTCE	LTCBTC	1380799982	0.01703	0.0171	0.01854	0.014	0.01627	8561.18254	1380799982	1380799981
BTCE	LTCBTC	1380800102	0.01704	0.0171	0.01854	0.014	0.01627	8551.44357	1380800102	1380800102
BTCE	LTCBTC	1380800283	0.01706	0.0171	0.01854	0.014	0.01627	8553.97349	1380800283	1380800281
BTCE	LTCBTC	1380800582	0.01704	0.0171	0.01854	0.014	0.01627	8552.20425	1380800582	1380800581
BTCE	LTCBTC	1380800702	0.01703	0.0171	0.01854	0.014	0.01627	8552.4994	1380800702	1380800702
BTCE	LTCBTC	1380800883	0.01707	0.0171	0.01854	0.014	0.01627	8545.24215	1380800883	1380800882
BTCE	LTCBTC	1380801181	0.01703	0.01707	0.01854	0.014	0.01627	8542.26602	1380801181	1380801181
BTCE	LTCBTC	1380801301	0.01703	0.01709	0.01854	0.014	0.01627	8546.23586	1380801301	1380801301
BTCE	LTCBTC	1380801481	0.01703	0.0171	0.01854	0.014	0.01627	8546.38596	1380801481	1380801481
BTCE	LTCBTC	1380801601	0.01703	0.0171	0.01854	0.014	0.01627	8546.16104	1380801601	1380801601
BTCE	LTCBTC	1380801603	0.01703	0.0171	0.01854	0.014	0.01627	8545.93573	1380801603	1380801603
BTCE	LTCBTC	1380801781	0.01703	0.0171	0.01854	0.014	0.01627	8546.36323	1380801781	1380801781
BTCE	LTCBTC	1380801902	0.01703	0.01709	0.01854	0.014	0.01627	8546.17963	1380801902	1380801902
BTCE	LTCBTC	1380802082	0.01703	0.0171	0.01854	0.014	0.01627	8549.66803	1380802082	1380802081
BTCE	LTCBTC	1380802202	0.01707	0.01715	0.01854	0.014	0.01627	8587.83255	1380802202	1380802201
BTCE	LTCBTC	1380802382	0.01707	0.01713	0.01854	0.014	0.01627	8588.07265	1380802382	1380802381
BTCE	LTCBTC	1380802502	0.01707	0.01712	0.01854	0.014	0.01627	8588.08985	1380802502	1380802502
BTCE	LTCBTC	1380802681	0.01707	0.01714	0.01854	0.014	0.01627	8587.93726	1380802681	1380802681
BTCE	LTCBTC	1380802683	0.01707	0.01714	0.01854	0.014	0.01627	8587.93726	1380802683	1380802683
BTCE	LTCBTC	1380802802	0.01708	0.01716	0.01854	0.014	0.01627	8589.45304	1380802802	1380802801
BTCE	LTCBTC	1380802981	0.01704	0.01713	0.01854	0.014	0.01627	8593.99426	1380802981	1380802981
BTCE	LTCBTC	1380803101	0.01701	0.01703	0.01854	0.014	0.01627	8611.03759	1380803101	1380803101
BTCE	LTCBTC	1380803282	0.01701	0.01703	0.01854	0.014	0.01627	8613.85904	1380803282	1380803281
BTCE	LTCBTC	1380803409	0.01701	0.01702	0.01854	0.014	0.01627	8617.69568	1380803408	1380803401
BTCE	LTCBTC	1380803581	0.01701	0.01702	0.01854	0.014	0.01627	8631.77177	1380803581	1380803581
BTCE	LTCBTC	1380803701	0.01702	0.01715	0.01854	0.014	0.01627	8652.98953	1380803701	1380803701
BTCE	LTCBTC	1380803883	0.01707	0.01719	0.01854	0.014	0.01627	8654.37128	1380803883	1380803881
BTCE	LTCBTC	1380804182	0.01702	0.01714	0.01854	0.014	0.01627	8669.37162	1380804182	1380804181
BTCE	LTCBTC	1380804303	0.01696	0.01701	0.01854	0.014	0.01627	8677.33064	1380804303	1380804301
BTCE	LTCBTC	1380804483	0.01701	0.01704	0.01854	0.014	0.01627	8683.92396	1380804483	1380804481
BTCE	LTCBTC	1380804781	0.01701	0.01706	0.01854	0.014	0.01627	8687.16375	1380804781	1380804781
BTCE	LTCBTC	1380804902	0.01701	0.01706	0.01854	0.014	0.01627	8687.17906	1380804902	1380804901
BTCE	LTCBTC	1380805081	0.01703	0.01708	0.01854	0.014	0.01627	8688.21809	1380805081	1380805081
BTCE	LTCBTC	1380805201	0.01702	0.01708	0.01854	0.014	0.01627	8689.6126	1380805201	1380805201
BTCE	LTCBTC	1380805202	0.01702	0.01708	0.01854	0.014	0.01627	8689.6126	1380805202	1380805202
BTCE	LTCBTC	1380805381	0.01707	0.01721	0.01854	0.014	0.01627	8694.8268	1380805381	1380805381
BTCE	LTCBTC	1380805501	0.01708	0.0172	0.01854	0.014	0.01627	8694.8439	1380805501	1380805501
BTCE	LTCBTC	1380805681	0.01711	0.01719	0.01854	0.014	0.01627	8694.8439	1380805681	1380805681
BTCE	LTCBTC	1380805801	0.01711	0.01719	0.01854	0.014	0.01627	8693.52427	1380805801	1380805801
BTCE	LTCBTC	1380805982	0.01711	0.0172	0.01854	0.014	0.01627	8674.47104	1380805982	1380805981
BTCE	LTCBTC	1380806102	0.01711	0.0172	0.01854	0.014	0.01627	8670.82432	1380806102	1380806101
BTCE	LTCBTC	1380806282	0.01719	0.0172	0.01854	0.014	0.01627	8666.5534	1380806282	1380806281
BTCE	LTCBTC	1380806284	0.01719	0.0172	0.01854	0.014	0.01627	8656.04483	1380806284	1380806283
BTCE	LTCBTC	1380806402	0.01711	0.0172	0.01853	0.014	0.016265	8648.93633	1380806402	1380806401
BTCE	LTCBTC	1380806582	0.01712	0.01717	0.01853	0.014	0.016265	8648.74244	1380806582	1380806581
BTCE	LTCBTC	1380806702	0.01713	0.01718	0.01853	0.014	0.016265	8648.42698	1380806702	1380806701
BTCE	LTCBTC	1380806881	0.01717	0.01718	0.01853	0.014	0.016265	8657.02383	1380806881	1380806881
BTCE	LTCBTC	1380807006	0.01725	0.01737	0.01853	0.014	0.016265	8687.23172	1380807006	1380807001
BTCE	LTCBTC	1380807185	0.01719	0.01723	0.0185	0.014	0.01625	8684.41391	1380807185	1380807181
BTCE	LTCBTC	1380807302	0.01719	0.01722	0.0185	0.014	0.01625	8684.44368	1380807302	1380807302
BTCE	LTCBTC	1380807482	0.01718	0.01719	0.0185	0.014	0.01625	8684.10016	1380807482	1380807481
BTCE	LTCBTC	1380807783	0.01716	0.01722	0.0185	0.014	0.01625	8663.29998	1380807783	1380807781
BTCE	LTCBTC	1380807901	0.01716	0.01719	0.0185	0.014	0.01625	8661.69222	1380807901	1380807901
BTCE	LTCBTC	1380808082	0.01718	0.01731	0.0185	0.014	0.01625	8663.63127	1380808082	1380808081
BTCE	LTCBTC	1380808384	0.01718	0.01727	0.0185	0.014	0.01625	8667.65384	1380808384	1380808381
BTCE	LTCBTC	1380808501	0.01723	0.01738	0.0185	0.014	0.01625	8669.11332	1380808501	1380808501
BTCE	LTCBTC	1380808682	0.01723	0.01729	0.0185	0.014	0.01625	8672.72307	1380808682	1380808681
BTCE	LTCBTC	1380808801	0.01723	0.01727	0.0185	0.014	0.01625	8672.90822	1380808801	1380808801
BTCE	LTCBTC	1380808814	0.01723	0.01728	0.0185	0.014	0.01625	8672.90822	1380808814	1380808803
BTCE	LTCBTC	1380808982	0.01723	0.01731	0.0185	0.014	0.01625	8667.04409	1380808982	1380808981
BTCE	LTCBTC	1380809101	0.01722	0.01729	0.0185	0.014	0.01625	8666.70793	1380809101	1380809101
BTCE	LTCBTC	1380809281	0.01724	0.01739	0.0185	0.014	0.01625	8663.97841	1380809281	1380809281
BTCE	LTCBTC	1380809402	0.01726	0.0173	0.0185	0.014	0.01625	8652.92208	1380809402	1380809401
BTCE	LTCBTC	1380809582	0.01727	0.0173	0.0185	0.014	0.01625	8648.93515	1380809582	1380809581
BTCE	LTCBTC	1380809701	0.01727	0.0173	0.0185	0.014	0.01625	8648.98682	1380809701	1380809701
BTCE	LTCBTC	1380809881	0.01726	0.01727	0.0185	0.014	0.01625	8641.74703	1380809881	1380809881
BTCE	LTCBTC	1380809884	0.01726	0.01727	0.0185	0.014	0.01625	8641.74703	1380809884	1380809883
BTCE	LTCBTC	1380810001	0.01722	0.01725	0.0185	0.014	0.01625	8641.16205	1380810001	1380810001
BTCE	LTCBTC	1380810181	0.01722	0.01726	0.0185	0.014	0.01625	8640.50077	1380810181	1380810181
BTCE	LTCBTC	1380810302	0.01721	0.01724	0.0185	0.014	0.01625	8635.63217	1380810302	1380810301
BTCE	LTCBTC	1380810481	0.01718	0.0172	0.0185	0.014	0.01625	8636.54152	1380810481	1380810481
BTCE	LTCBTC	1380810610	0.01718	0.01721	0.0185	0.014	0.01625	8636.77493	1380810610	1380810601
BTCE	LTCBTC	1380810783	0.01718	0.01722	0.0185	0.014	0.01625	8637.02463	1380810783	1380810781
BTCE	LTCBTC	1380810902	0.01718	0.01722	0.0185	0.014	0.01625	8637.29615	1380810902	1380810901
BTCE	LTCBTC	1380811081	0.01718	0.01723	0.0185	0.014	0.01625	8637.41963	1380811081	1380811081
BTCE	LTCBTC	1380811381	0.01722	0.01723	0.0185	0.014	0.01625	8636.9312	1380811381	1380811381
BTCE	LTCBTC	1380811501	0.01722	0.01723	0.0185	0.014	0.01625	8633.22079	1380811501	1380811501
BTCE	LTCBTC	1380811681	0.01724	0.01731	0.0185	0.014	0.01625	8635.46294	1380811681	1380811681
BTCE	LTCBTC	1380811982	0.01722	0.01724	0.0185	0.014	0.01625	8635.43825	1380811982	1380811981
BTCE	LTCBTC	1380812102	0.01722	0.01724	0.0185	0.014	0.01625	8635.38431	1380812102	1380812101
BTCE	LTCBTC	1380812116	0.01722	0.01724	0.0185	0.014	0.01625	8635.38431	1380812116	1380812113
BTCE	LTCBTC	1380812282	0.01718	0.0173	0.0185	0.014	0.01625	8640.46651	1380812282	1380812281
BTCE	LTCBTC	1380812407	0.01716	0.01718	0.0185	0.014	0.01625	8641.53398	1380812407	1380812402
BTCE	LTCBTC	1380812407								1380812407
BTCE	LTCBTC	1380812582	0.01716	0.01729	0.0185	0.014	0.01625	8642.87107	1380812582	1380812581
BTCE	LTCBTC	1380812702	0.01712	0.01722	0.0185	0.014	0.01625	8649.16604	1380812702	1380812701
BTCE	LTCBTC	1380812881	0.01712	0.01722	0.0185	0.014	0.01625	8649.16415	1380812881	1380812881
BTCE	LTCBTC	1380813001	0.01713	0.01719	0.0185	0.014	0.01625	8654.98597	1380813001	1380813001
BTCE	LTCBTC	1380813182	0.01716	0.01717	0.0185	0.014	0.01625	8654.38433	1380813182	1380813182
BTCE	LTCBTC	1380813301	0.01716	0.01718	0.0185	0.014	0.01625	8655.42557	1380813301	1380813301
BTCE	LTCBTC	1380813482	0.01722	0.01731	0.0185	0.014	0.01625	8665.48071	1380813482	1380813481
BTCE	LTCBTC	1380813483	0.01722	0.01731	0.0185	0.014	0.01625	8665.48071	1380813483	1380813483
BTCE	LTCBTC	1380813601	0.01727	0.01729	0.0185	0.014	0.01625	8682.77674	1380813601	1380813601
BTCE	LTCBTC	1380813782	0.01721	0.01732	0.0185	0.014	0.01625	8684.20055	1380813782	1380813781
BTCE	LTCBTC	1380813901	0.01721	0.01735	0.0185	0.014	0.01625	8687.75287	1380813901	1380813901
BTCE	LTCBTC	1380814081	0.01738	0.01739	0.0185	0.014	0.01625	8702.36113	1380814081	1380814081
BTCE	LTCBTC	1380814207	0.01738	0.01739	0.0185	0.014	0.01625	8703.18758	1380814207	1380814201
BTCE	LTCBTC	1380814382	0.01736	0.0174	0.0185	0.014	0.01625	8711.21144	1380814381	1380814381
BTCE	LTCBTC	1380814502	0.01728	0.01736	0.0185	0.014	0.01625	8720.00714	1380814502	1380814501
BTCE	LTCBTC	1380814682	0.01736	0.01744	0.0185	0.014	0.01625	8727.43391	1380814682	1380814681
BTCE	LTCBTC	1380814982	0.01746	0.01755	0.01849	0.014	0.016245	8736.55882	1380814982	1380814981
BTCE	LTCBTC	1380815102	0.01745	0.01754	0.01849	0.014	0.016245	8744.07131	1380815102	1380815101
BTCE	LTCBTC	1380815281	0.01762	0.01763	0.01849	0.014	0.016245	8760.21085	1380815281	1380815281
BTCE	LTCBTC	1380815581	0.01765	0.01766	0.01847	0.014	0.016235	8790.52358	1380815581	1380815581
BTCE	LTCBTC	1380815702	0.01767	0.01768	0.01847	0.014	0.016235	8802.3188	1380815702	1380815701
BTCE	LTCBTC	1380815713	0.01767	0.01768	0.01847	0.014	0.016235	8802.88013	1380815713	1380815713
BTCE	LTCBTC	1380815882	0.01773	0.01779	0.01847	0.014	0.016235	8763.44372	1380815882	1380815881
BTCE	LTCBTC	1380816008								1380816007
BTCE	LTCBTC	1380816018	0.01774	0.01779	0.01834	0.014	0.01617	8752.63971	1380816018	1380816001
BTCE	LTCBTC	1380816182	0.01783	0.01786	0.01834	0.014	0.01617	8710.39769	1380816181	1380816181
BTCE	LTCBTC	1380816301	0.01773	0.01784	0.01834	0.014	0.01617	8644.11201	1380816301	1380816301
BTCE	LTCBTC	1380816482	0.01774	0.01778	0.01834	0.014	0.01617	8578.46135	1380816482	1380816481
BTCE	LTCBTC	1380816602	0.0177	0.01782	0.01834	0.014	0.01617	8600.7389	1380816602	1380816601
BTCE	LTCBTC	1380816783	0.01775	0.01776	0.01834	0.014	0.01617	8576.15266	1380816783	1380816782
BTCE	LTCBTC	1380816901	0.01771	0.0178	0.01834	0.014	0.01617	8574.89041	1380816901	1380816901
BTCE	LTCBTC	1380817082	0.01761	0.01778	0.01834	0.014	0.01617	8612.60777	1380817082	1380817081
BTCE	LTCBTC	1380817084	0.0177	0.01778	0.01834	0.014	0.01617	8612.60777	1380817084	1380817083
BTCE	LTCBTC	1380817204	0.01758	0.01759	0.01834	0.014	0.01617	8628.5597	1380817204	1380817201
BTCE	LTCBTC	1380817381	0.01757	0.01769	0.01834	0.014	0.01617	8628.75477	1380817381	1380817381
BTCE	LTCBTC	1380817501	0.01754	0.01758	0.01834	0.014	0.01617	8583.80359	1380817501	1380817501
BTCE	LTCBTC	1380817681	0.01753	0.01754	0.01834	0.014	0.01617	8563.88035	1380817681	1380817681
BTCE	LTCBTC	1380817807	0.0175	0.01754	0.01834	0.014	0.01617	8492.83594	1380817807	1380817801
BTCE	LTCBTC	1380817982	0.01739	0.01745	0.01834	0.014	0.01617	8389.99899	1380817981	1380817981
BTCE	LTCBTC	1380818101	0.01745	0.0175	0.01834	0.014	0.01617	8378.59741	1380818101	1380818101
BTCE	LTCBTC	1380818281	0.01743	0.01755	0.01834	0.014	0.01617	8238.31628	1380818281	1380818281
BTCE	LTCBTC	1380818585	0.01751	0.01761	0.01834	0.014	0.01617	8082.54113	1380818585	1380818581
BTCE	LTCBTC	1380818702	0.01751	0.01761	0.01834	0.014	0.01617	7953.02746	1380818702	1380818701
BTCE	LTCBTC	1380818881	0.01747	0.0176	0.01834	0.014	0.01617	7911.67557	1380818881	1380818881
BTCE	LTCBTC	1380819181	0.01753	0.0176	0.01834	0.014	0.01617	7692.24801	1380819181	1380819181
BTCE	LTCBTC	1380819301	0.01741	0.01751	0.01834	0.014	0.01617	7704.38205	1380819301	1380819301
BTCE	LTCBTC	1380819482	0.01741	0.01753	0.01828	0.014	0.01614	7677.52398	1380819482	1380819481
BTCE	LTCBTC	1380819602	0.01743	0.01752	0.01797	0.014	0.015985	7655.10245	1380819602	1380819601
BTCE	LTCBTC	1380819605	0.01743	0.01752	0.01797	0.014	0.015985	7655.10245	1380819605	1380819604
BTCE	LTCBTC	1380819791	0.01741	0.01743	0.01797	0.014	0.015985	7575.71949	1380819790	1380819781
BTCE	LTCBTC	1380819902	0.0174	0.01743	0.01797	0.014	0.015985	7522.54729	1380819902	1380819902
BTCE	LTCBTC	1380820082	0.0174	0.01747	0.01797	0.014	0.015985	7491.97592	1380820082	1380820082
BTCE	LTCBTC	1380820201	0.0174	0.01751	0.01797	0.014	0.015985	7482.40231	1380820201	1380820201
BTCE	LTCBTC	1380820382	0.0174	0.01752	0.01797	0.014	0.015985	7158.68231	1380820382	1380820381
BTCE	LTCBTC	1380820501	0.01739	0.0174	0.01797	0.0141	0.016035	6678.58628	1380820501	1380820501
BTCE	LTCBTC	1380820682	0.01753	0.01754	0.01797	0.01411	0.01604	6511.76974	1380820682	1380820681
BTCE	LTCBTC	1380820684	0.01753	0.01754	0.01797	0.01411	0.01604	6511.76974	1380820684	1380820684
BTCE	LTCBTC	1380820802	0.01743	0.01756	0.01797	0.01416	0.016065	6457.9424	1380820801	1380820801
BTCE	LTCBTC	1380820983	0.01759	0.0176	0.01797	0.01417	0.01607	6386.78628	1380820983	1380820981
BTCE	LTCBTC	1380821102	0.01745	0.01758	0.01797	0.01552	0.016745	6326.74928	1380821102	1380821101
BTCE	LTCBTC	1380821282	0.01745	0.01758	0.01797	0.0156	0.016785	6173.83183	1380821282	1380821281
BTCE	LTCBTC	1380821402	0.01745	0.01758	0.01797	0.0156	0.016785	6057.34147	1380821402	1380821401
BTCE	LTCBTC	1380821582	0.01743	0.01757	0.01797	0.0156	0.016785	5972.29274	1380821582	1380821581
BTCE	LTCBTC	1380821702	0.01743	0.01757	0.01797	0.01565	0.01681	5936.50706	1380821702	1380821701
BTCE	LTCBTC	1380821882	0.01743	0.0176	0.01797	0.01565	0.01681	5907.87224	1380821882	1380821881
BTCE	LTCBTC	1380822183	0.0175	0.01753	0.01797	0.01565	0.01681	5825.25666	1380822182	1380822182
BTCE	LTCBTC	1380822301	0.0175	0.01753	0.01797	0.01565	0.01681	5803.51522	1380822301	1380822301
BTCE	LTCBTC	1380822481	0.01744	0.01757	0.01797	0.01565	0.01681	5711.2179	1380822481	1380822481
BTCE	LTCBTC	1380822783	0.01742	0.01753	0.01797	0.01565	0.01681	5513.85442	1380822783	1380822781
BTCE	LTCBTC	1380822902	0.01742	0.01753	0.01797	0.01565	0.01681	5481.76073	1380822902	1380822901
BTCE	LTCBTC	1380823081	0.01749	0.0175	0.01797	0.01565	0.01681	5425.56204	1380823081	1380823081
BTCE	LTCBTC	1380823201	0.01749	0.01756	0.01797	0.01565	0.01681	5408.86473	1380823201	1380823201
BTCE	LTCBTC	1380823204	0.01749	0.01756	0.01797	0.01565	0.01681	5408.86473	1380823204	1380823204
BTCE	LTCBTC	1380823382	0.01762	0.01763	0.01797	0.016	0.016985	5344.08858	1380823382	1380823381
BTCE	LTCBTC	1380823502	0.01752	0.01763	0.01797	0.01617	0.01707	5216.46065	1380823502	1380823501
BTCE	LTCBTC	1380823681	0.01753	0.01765	0.01797	0.01617	0.01707	5017.97299	1380823681	1380823681
BTCE	LTCBTC	1380823803	0.01757	0.01766	0.01797	0.01617	0.01707	4706.9794	1380823802	1380823801
BTCE	LTCBTC	1380823982	0.01765	0.01766	0.01797	0.0163	0.017135	4599.50242	1380823982	1380823981
BTCE	LTCBTC	1380824102	0.01761	0.01768	0.01797	0.0163	0.017135	4579.07362	1380824102	1380824101
BTCE	LTCBTC	1380824283	0.0175	0.01761	0.01797	0.0163	0.017135	4533.72454	1380824282	1380824281
BTCE	LTCBTC	1380824287	0.0175	0.01761	0.01797	0.0163	0.017135	4533.72454	1380824287	1380824286
BTCE	LTCBTC	1380824401	0.0175	0.01759	0.01797	0.0163	0.017135	4535.91678	1380824401	1380824401
BTCE	LTCBTC	1380824581	0.01745	0.0176	0.01797	0.0163	0.017135	4465.48012	1380824581	1380824581
BTCE	LTCBTC	1380824701	0.01761	0.01762	0.01797	0.0163	0.017135	4409.42603	1380824701	1380824701
BTCE	LTCBTC	1380824882	0.01755	0.01761	0.01797	0.0163	0.017135	4356.79366	1380824882	1380824881
BTCE	LTCBTC	1380825001	0.01761	0.01762	0.01797	0.0163	0.017135	4350.96431	1380825001	1380825001
BTCE	LTCBTC	1380825182	0.01761	0.01762	0.01797	0.01636	0.017165	4265.70531	1380825182	1380825181
BTCE	LTCBTC	1380825301	0.01756	0.01763	0.01797	0.01653	0.01725	4254.07323	1380825301	1380825301
BTCE	LTCBTC	1380825483	0.01757	0.01763	0.01797	0.01653	0.01725	4233.47756	1380825483	1380825481
BTCE	LTCBTC	1380825782	0.01752	0.01761	0.01797	0.01653	0.01725	4146.35488	1380825782	1380825782
BTCE	LTCBTC	1380825903	0.01752	0.01761	0.01797	0.01653	0.01725	4130.20733	1380825903	1380825901
BTCE	LTCBTC	1380826081	0.01752	0.0176	0.01797	0.01653	0.01725	4063.69271	1380826081	1380826081
BTCE	LTCBTC	1380826382	0.01753	0.0176	0.01797	0.01653	0.01725	3959.32328	1380826382	1380826381
BTCE	LTCBTC	1380826501	0.01753	0.0176	0.01797	0.01653	0.01725	3942.96325	1380826501	1380826501
BTCE	LTCBTC	1380826513	0.01753	0.0176	0.01797	0.01653	0.01725	3942.48105	1380826513	1380826513
BTCE	LTCBTC	1380826682	0.01753	0.0176	0.01797	0.01653	0.01725	3911.81903	1380826682	1380826681
BTCE	LTCBTC	1380826802	0.01753	0.01759	0.01797	0.01653	0.01725	3911.54028	1380826802	1380826801
BTCE	LTCBTC	1380826804	0.01753	0.0176	0.01797	0.01653	0.01725	3911.54028	1380826804	1380826803
BTCE	LTCBTC	1380826981	0.01753	0.01761	0.01797	0.01653	0.01725	3867.21022	1380826981	1380826981
BTCE	LTCBTC	1380827101	0.01751	0.01761	0.01797	0.01653	0.01725	3750.13681	1380827101	1380827101
BTCE	LTCBTC	1380827281	0.01751	0.01762	0.01797	0.01653	0.01725	3607.81699	1380827281	1380827281
BTCE	LTCBTC	1380827401	0.01751	0.0176	0.01797	0.01653	0.01725	3589.36521	1380827401	1380827401
BTCE	LTCBTC	1380827583	0.01753	0.01763	0.01797	0.01653	0.01725	3557.90352	1380827583	1380827581
BTCE	LTCBTC	1380827702	0.01751	0.01763	0.01797	0.01653	0.01725	3486.07222	1380827702	1380827701
