market	symbol	updated	bid	ask	high	low	average	volume	servertime	localtime
CRPT	LTCBTC	1380758402	0.017	0.01711	0	0		0		1380758401
CRPT	LTCBTC	1380758416	0.017	0.01711	0	0		0		1380758403
CRPT	LTCBTC	1380758582	0.017	0.01711	0	0		0		1380758581
CRPT	LTCBTC	1380758702	0.017	0.01711	0	0		0		1380758701
CRPT	LTCBTC	1380758882	0.0172	0.0174	0.0173	0.01711		19.92386		1380758881
CRPT	LTCBTC	1380759002	0.0172	0.0174	0.0173	0.01711		19.92386		1380759001
CRPT	LTCBTC	1380759182	0.0172	0.0174	0.0173	0.01711		19.92386		1380759181
CRPT	LTCBTC	1380759302	0.0172	0.0174	0.0173	0.01711		19.92386		1380759301
CRPT	LTCBTC	1380759482	0.0172	0.0174	0.0173	0.01711		19.92386		1380759481
CRPT	LTCBTC	1380759484	0.0172	0.0174	0.0173	0.01711		19.92386		1380759482
CRPT	LTCBTC	1380759602	0.0172	0.0174	0.0173	0.01711		19.92386		1380759601
CRPT	LTCBTC	1380759782	0.0172	0.0174	0.0173	0.01711		19.92386		1380759781
CRPT	LTCBTC	1380759902	0.0172	0.0174	0.0173	0.01711		19.92386		1380759901
CRPT	LTCBTC	1380760082	0.0172	0.0174	0.0173	0.01711		19.92386		1380760081
CRPT	LTCBTC	1380760212	0.0172	0.0174	0.0173	0.01711		19.92386		1380760202
CRPT	LTCBTC	1380760381	0.0172	0.0174	0.0173	0.01711		19.92386		1380760381
CRPT	LTCBTC	1380760501	0.0172	0.0174	0.0173	0.01711		19.92386		1380760501
CRPT	LTCBTC	1380760681	0.0172	0.0174	0.0173	0.01711		19.92386		1380760681
CRPT	LTCBTC	1380760982	0.0172	0.0174	0.0173	0.01711		19.92386		1380760981
CRPT	LTCBTC	1380761102	0.0172	0.0174	0.0173	0.01711		19.92386		1380761101
CRPT	LTCBTC	1380761281	0.0172	0.0174	0.0173	0.01711		19.92386		1380761281
CRPT	LTCBTC	1380761581	0.0172	0.0174	0.0173	0.01711		19.92386		1380761581
CRPT	LTCBTC	1380761702	0.0172	0.0174	0.0173	0.01711		19.92386		1380761701
CRPT	LTCBTC	1380761881	0.0172	0.0174	0.0173	0.01711		19.92386		1380761881
CRPT	LTCBTC	1380762004	0.0172	0.0174	0.0173	0.01711		19.92386		1380762001
CRPT	LTCBTC	1380762005	0.0172	0.0174	0.0173	0.01711		19.92386		1380762005
CRPT	LTCBTC	1380762182	0.0172	0.0174	0.0173	0.01711		19.92386		1380762181
CRPT	LTCBTC	1380762302	0.0172	0.0174	0.0173	0.01711		19.92386		1380762301
CRPT	LTCBTC	1380762481	0.0172	0.0174	0.0173	0.01711		19.92386		1380762481
CRPT	LTCBTC	1380762602	0.0172	0.0174	0.0173	0.01711		19.92386		1380762601
CRPT	LTCBTC	1380762782	0.0172	0.0174	0.0173	0.01711		19.92386		1380762781
CRPT	LTCBTC	1380762902	0.0172	0.0174	0.0173	0.01711		19.92386		1380762901
CRPT	LTCBTC	1380763082	0.0172	0.0174	0.0173	0.01711		19.92386		1380763081
CRPT	LTCBTC	1380763083	0.0172	0.0174	0.0173	0.01711		19.92386		1380763083
CRPT	LTCBTC	1380763202	0.0172	0.0174	0.0173	0.01711		19.92386		1380763201
CRPT	LTCBTC	1380763382	0.0172	0.0174	0.0173	0.01711		19.92386		1380763381
CRPT	LTCBTC	1380763502	0.0172	0.0174	0.0173	0.01711		19.92386		1380763501
CRPT	LTCBTC	1380763682	0.0172	0.0174	0.0173	0.01711		19.92386		1380763681
CRPT	LTCBTC	1380763803	0.0172	0.0174	0.0173	0.01711		19.92386		1380763801
CRPT	LTCBTC	1380763982	0.0172	0.0174	0.0173	0.01711		19.92386		1380763981
CRPT	LTCBTC	1380764102	0.0172	0.0174	0.0173	0.01711		19.92386		1380764101
CRPT	LTCBTC	1380764282	0.0172	0.0174	0.0173	0.01711		19.92386		1380764281
CRPT	LTCBTC	1380764582	0.0172	0.0174	0.0173	0.01711		19.92386		1380764581
CRPT	LTCBTC	1380764703	0.0172	0.0174	0.0173	0.01711		19.92386		1380764701
CRPT	LTCBTC	1380764882	0.0172	0.0174	0.0173	0.01711		19.92386		1380764881
CRPT	LTCBTC	1380765182	0.0172	0.0174	0.0173	0.01711		19.92386		1380765181
CRPT	LTCBTC	1380765302	0.0172	0.0174	0.0173	0.01711		19.92386		1380765301
CRPT	LTCBTC	1380765482	0.0172	0.0174	0.0173	0.01711		19.92386		1380765481
CRPT	LTCBTC	1380765602	0.0172	0.0174	0.0173	0.01711		19.92386		1380765601
CRPT	LTCBTC	1380765607	0.0172	0.0174	0.0173	0.01711		19.92386		1380765603
CRPT	LTCBTC	1380765784	0.0172	0.0174	0.0173	0.01711		19.92386		1380765781
CRPT	LTCBTC	1380765902	0.0172	0.0174	0.0173	0.01711		19.92386		1380765901
CRPT	LTCBTC	1380766082	0.0172	0.0174	0.0173	0.01711		19.92386		1380766081
CRPT	LTCBTC	1380766201	0.0172	0.0174	0.0173	0.01711		19.92386		1380766201
CRPT	LTCBTC	1380766384	0.0172	0.0174	0.0173	0.01711		19.92386		1380766381
CRPT	LTCBTC	1380766502	0.0172	0.0174	0.0173	0.01711		19.92386		1380766501
CRPT	LTCBTC	1380766681	0.0172	0.0174	0.0173	0.01711		19.92386		1380766681
CRPT	LTCBTC	1380766683	0.0172	0.0174	0.0173	0.01711		19.92386		1380766683
CRPT	LTCBTC	1380766802	0.0171	0.0172	0.0173	0.01711		25.78954		1380766801
CRPT	LTCBTC	1380766981	0.0171	0.0172	0.0173	0.01711		25.78954		1380766981
CRPT	LTCBTC	1380767103	0.0171	0.0172	0.0173	0.01711		25.78954		1380767101
CRPT	LTCBTC	1380767281	0.0171	0.0174	0.0173	0.01711		31.65521		1380767281
CRPT	LTCBTC	1380767410	0.0171	0.0174	0.0173	0.01711		31.65521		1380767401
CRPT	LTCBTC	1380767581	0.0171	0.0174	0.0173	0.01711		31.65521		1380767581
CRPT	LTCBTC	1380767701	0.0171	0.0174	0.0173	0.01711		31.65521		1380767701
CRPT	LTCBTC	1380767882	0.0171	0.0174	0.0173	0.01711		31.65521		1380767881
CRPT	LTCBTC	1380768182	0.0171	0.0174	0.0173	0.01711		31.65521		1380768181
CRPT	LTCBTC	1380768301	0.0171	0.0174	0.0173	0.01711		31.65521		1380768301
CRPT	LTCBTC	1380768481	0.0171	0.0174	0.0173	0.01711		31.65521		1380768481
CRPT	LTCBTC	1380768782	0.0171	0.0174	0.0173	0.01711		31.65521		1380768782
CRPT	LTCBTC	1380768901	0.0171	0.0174	0.0173	0.01711		31.65521		1380768901
CRPT	LTCBTC	1380769082	0.0171	0.0174	0.0173	0.01711		31.65521		1380769082
CRPT	LTCBTC	1380769208	0.0171	0.0174	0.0173	0.01711		31.65521		1380769208
CRPT	LTCBTC	1380769214	0.0171	0.0174	0.0173	0.01711		31.65521		1380769202
CRPT	LTCBTC	1380769381	0.0171	0.0174	0.0173	0.01711		31.65521		1380769381
CRPT	LTCBTC	1380769502	0.0171	0.0174	0.0173	0.01711		31.65521		1380769501
CRPT	LTCBTC	1380769681	0.0171	0.0174	0.0173	0.01711		31.65521		1380769681
CRPT	LTCBTC	1380769808	0.0171	0.0174	0.0173	0.01711		31.65521		1380769801
CRPT	LTCBTC	1380769982	0.0171	0.0175	0.0175	0.01711		72.59468369		1380769981
CRPT	LTCBTC	1380770102	0.0171	0.0175	0.0175	0.01711		72.59468369		1380770101
CRPT	LTCBTC	1380770282	0.0175	0.018	0.0175	0.01711		72.97498835		1380770281
CRPT	LTCBTC	1380770284	0.0175	0.018	0.0175	0.01711		72.97498835		1380770284
CRPT	LTCBTC	1380770402	0.0175	0.018	0.0175	0.01711		72.97498835		1380770401
CRPT	LTCBTC	1380770581	0.0175	0.018	0.0175	0.01711		72.97498835		1380770581
CRPT	LTCBTC	1380770701	0.0175	0.018	0.0175	0.01711		72.97498835		1380770701
CRPT	LTCBTC	1380770882	0.0175	0.018	0.0175	0.01711		72.97498835		1380770881
CRPT	LTCBTC	1380771013	0.0175	0.018	0.0175	0.01711		72.97498835		1380771001
CRPT	LTCBTC	1380771182	0.0175	0.018	0.0175	0.01711		72.97498835		1380771181
CRPT	LTCBTC	1380771302	0.0175	0.018	0.0175	0.01711		72.97498835		1380771301
CRPT	LTCBTC	1380771481	0.0175	0.018	0.0175	0.01711		72.97498835		1380771481
CRPT	LTCBTC	1380771781	0.0175	0.018	0.0175	0.01711		72.97498835		1380771781
CRPT	LTCBTC	1380771905	0.0175	0.018	0.0175	0.01711		72.97498835		1380771901
CRPT	LTCBTC	1380772081	0.0175	0.018	0.0175	0.01711		72.97498835		1380772081
CRPT	LTCBTC	1380772381	0.0175	0.018	0.0175	0.01711		72.97498835		1380772381
CRPT	LTCBTC	1380772502	0.0175	0.018	0.0175	0.01711		72.97498835		1380772501
CRPT	LTCBTC	1380772682	0.017101	0.018	0.0175	0.01711		73.3840671		1380772681
CRPT	LTCBTC	1380772804	0.017101	0.018	0.0175	0.01711		73.3840671		1380772801
CRPT	LTCBTC	1380772805	0.017101	0.018	0.0175	0.01711		73.3840671		1380772805
CRPT	LTCBTC	1380772982	0.017101	0.018	0.0175	0.01711		73.3840671		1380772981
CRPT	LTCBTC	1380773102	0.017101	0.018	0.0175	0.01711		73.3840671		1380773101
CRPT	LTCBTC	1380773282	0.017101	0.018	0.0175	0.01711		73.3840671		1380773281
CRPT	LTCBTC	1380773404	0.017101	0.018	0.0175	0.01711		73.3840671		1380773401
CRPT	LTCBTC	1380773581	0.017101	0.018	0.0175	0.01711		73.3840671		1380773581
CRPT	LTCBTC	1380773701	0.017101	0.018	0.0175	0.01711		73.3840671		1380773701
CRPT	LTCBTC	1380773881	0.017101	0.018	0.018	0.01711		75.07317486		1380773881
CRPT	LTCBTC	1380773883	0.017101	0.018	0.018	0.01711		75.07317486		1380773883
CRPT	LTCBTC	1380774005	0.017101	0.018	0.018	0.01711		75.07317486		1380774001
CRPT	LTCBTC	1380774181	0.017101	0.018	0.018	0.01711		75.07317486		1380774181
CRPT	LTCBTC	1380774302	0.017101	0.018	0.018	0.01711		75.07317486		1380774301
CRPT	LTCBTC	1380774482	0.017101	0.018	0.018	0.01711		75.07317486		1380774481
CRPT	LTCBTC	1380774603	0.017101	0.018	0.018	0.01711		75.07317486		1380774601
CRPT	LTCBTC	1380774781	0.017101	0.018	0.018	0.01711		75.07317486		1380774781
CRPT	LTCBTC	1380774902	0.017101	0.018	0.018	0.01711		75.07317486		1380774901
CRPT	LTCBTC	1380775082	0.017101	0.018	0.018	0.01711		75.07317486		1380775081
CRPT	LTCBTC	1380775381	0.017101	0.018	0.018	0.01711		75.07317486		1380775381
CRPT	LTCBTC	1380775502	0.017101	0.018	0.018	0.01711		75.07317486		1380775501
CRPT	LTCBTC	1380775681	0.017101	0.018	0.018	0.01711		75.07317486		1380775681
CRPT	LTCBTC	1380775981	0.017101	0.018	0.018	0.01711		75.07317486		1380775981
CRPT	LTCBTC	1380776101	0.017101	0.018	0.018	0.01711		75.07317486		1380776101
CRPT	LTCBTC	1380776281	0.017101	0.018	0.018	0.01711		75.07317486		1380776281
CRPT	LTCBTC	1380776407	0.017101	0.018	0.018	0.01711		75.07317486		1380776407
CRPT	LTCBTC	1380776411	0.017101	0.018	0.018	0.01711		75.07317486		1380776401
CRPT	LTCBTC	1380776583	0.017101	0.018	0.018	0.01711		75.07317486		1380776581
CRPT	LTCBTC	1380776705	0.017101	0.018	0.018	0.01711		75.07317486		1380776701
CRPT	LTCBTC	1380776882	0.017101	0.018	0.018	0.01711		75.07317486		1380776881
CRPT	LTCBTC	1380777003	0.017101	0.018	0.018	0.01711		75.07317486		1380777001
CRPT	LTCBTC	1380777184	0.017101	0.018	0.018	0.01711		75.07317486		1380777181
CRPT	LTCBTC	1380777302	0.017101	0.018	0.018	0.01711		75.07317486		1380777301
CRPT	LTCBTC	1380777481	0.017101	0.018	0.018	0.01711		75.07317486		1380777481
CRPT	LTCBTC	1380777483	0.017101	0.018	0.018	0.01711		75.07317486		1380777483
CRPT	LTCBTC	1380777603	0.017101	0.018	0.018	0.01711		75.07317486		1380777601
CRPT	LTCBTC	1380777782	0.017101	0.018	0.018	0.01711		75.07317486		1380777781
CRPT	LTCBTC	1380777903	0.017101	0.018	0.018	0.01711		75.07317486		1380777901
CRPT	LTCBTC	1380778082	0.017101	0.018	0.018	0.01711		75.07317486		1380778081
CRPT	LTCBTC	1380778202	0.017101	0.018	0.018	0.01711		75.07317486		1380778201
CRPT	LTCBTC	1380778382	0.017101	0.018	0.018	0.01711		75.07317486		1380778381
CRPT	LTCBTC	1380778502	0.017101	0.018	0.018	0.01711		75.07317486		1380778501
CRPT	LTCBTC	1380778681	0.017101	0.018	0.018	0.01711		75.07317486		1380778681
CRPT	LTCBTC	1380778982	0.017101	0.018	0.018	0.01711		75.07317486		1380778981
CRPT	LTCBTC	1380779103	0.017101	0.018	0.018	0.01711		75.07317486		1380779101
CRPT	LTCBTC	1380779281	0.017101	0.018	0.018	0.01711		75.07317486		1380779281
CRPT	LTCBTC	1380779582	0.017101	0.018	0.018	0.01711		75.07317486		1380779581
CRPT	LTCBTC	1380779702	0.017101	0.018	0.018	0.01711		75.07317486		1380779701
CRPT	LTCBTC	1380779882	0.017101	0.018	0.018	0.01711		75.07317486		1380779881
CRPT	LTCBTC	1380780001	0.017101	0.018	0.018	0.01711		75.07317486		1380780001
CRPT	LTCBTC	1380780020	0.017101	0.018	0.018	0.01711		75.07317486		1380780002
CRPT	LTCBTC	1380780181	0.017101	0.018	0.018	0.01711		75.07317486		1380780181
CRPT	LTCBTC	1380780303	0.017101	0.018	0.018	0.01711		75.07317486		1380780301
CRPT	LTCBTC	1380780481	0.017101	0.018	0.018	0.01711		75.07317486		1380780481
CRPT	LTCBTC	1380780602	0.017101	0.018	0.018	0.01711		75.07317486		1380780601
CRPT	LTCBTC	1380780782	0.017101	0.018	0.018	0.01711		75.07317486		1380780781
CRPT	LTCBTC	1380780902	0.017101	0.018	0.018	0.01711		75.07317486		1380780901
CRPT	LTCBTC	1380781082	0.017101	0.018	0.018	0.01711		75.07317486		1380781081
CRPT	LTCBTC	1380781084	0.017101	0.018	0.018	0.01711		75.07317486		1380781083
CRPT	LTCBTC	1380781201	0.017101	0.018	0.018	0.01711		75.07317486		1380781201
CRPT	LTCBTC	1380781381	0.017101	0.018	0.018	0.01711		75.07317486		1380781381
CRPT	LTCBTC	1380781501	0.017101	0.018	0.018	0.01711		75.07317486		1380781501
CRPT	LTCBTC	1380781681	0.017101	0.018	0.018	0.01711		75.07317486		1380781681
CRPT	LTCBTC	1380781801	0.017101	0.018	0.018	0.01711		75.07317486		1380781801
CRPT	LTCBTC	1380781982	0.017101	0.018	0.018	0.01711		75.07317486		1380781981
CRPT	LTCBTC	1380782101	0.017101	0.018	0.018	0.01711		75.07317486		1380782101
CRPT	LTCBTC	1380782282	0.017101	0.018	0.018	0.01711		75.07317486		1380782281
CRPT	LTCBTC	1380782582	0.017101	0.018	0.018	0.01711		75.07317486		1380782581
CRPT	LTCBTC	1380782701	0.017101	0.018	0.018	0.01711		75.07317486		1380782701
CRPT	LTCBTC	1380782881	0.017101	0.018	0.018	0.01711		75.07317486		1380782881
CRPT	LTCBTC	1380783182	0.017101	0.018	0.018	0.01711		75.07317486		1380783181
CRPT	LTCBTC	1380783302	0.017101	0.018	0.018	0.01711		75.07317486		1380783301
CRPT	LTCBTC	1380783481	0.017101	0.018	0.018	0.01711		75.07317486		1380783481
CRPT	LTCBTC	1380783608	0.017101	0.018	0.018	0.01711		75.07317486		1380783607
CRPT	LTCBTC	1380783608	0.017101	0.018	0.018	0.01711		75.07317486		1380783601
CRPT	LTCBTC	1380783782	0.017101	0.018	0.018	0.01711		75.07317486		1380783782
CRPT	LTCBTC	1380783901	0.017101	0.018	0.018	0.01711		75.07317486		1380783901
CRPT	LTCBTC	1380784081	0.017101	0.018	0.018	0.01711		75.07317486		1380784081
CRPT	LTCBTC	1380784202	0.017101	0.018	0.018	0.01711		75.07317486		1380784201
CRPT	LTCBTC	1380784388	0.017101	0.018	0.018	0.01711		75.07317486		1380784381
CRPT	LTCBTC	1380784502	0.017101	0.018	0.018	0.01711		75.07317486		1380784501
CRPT	LTCBTC	1380784681	0.017101	0.018	0.018	0.01711		75.07317486		1380784681
CRPT	LTCBTC	1380784683	0.017101	0.018	0.018	0.01711		75.07317486		1380784682
CRPT	LTCBTC	1380784802	0.017101	0.018	0.018	0.01711		75.07317486		1380784801
CRPT	LTCBTC	1380784982	0.017101	0.018	0.018	0.01711		75.07317486		1380784981
CRPT	LTCBTC	1380785102	0.017101	0.018	0.018	0.01711		75.07317486		1380785101
CRPT	LTCBTC	1380785283	0.017101	0.018	0.018	0.01711		75.07317486		1380785281
CRPT	LTCBTC	1380785406	0.017101	0.018	0.018	0.01711		75.07317486		1380785401
CRPT	LTCBTC	1380785582	0.017101	0.018	0.018	0.01711		75.07317486		1380785581
CRPT	LTCBTC	1380785702	0.017101	0.018	0.018	0.01711		75.07317486		1380785702
CRPT	LTCBTC	1380785882	0.017101	0.018	0.018	0.01711		75.07317486		1380785881
CRPT	LTCBTC	1380786182	0.017101	0.018	0.018	0.01711		75.07317486		1380786182
CRPT	LTCBTC	1380786301	0.017101	0.018	0.018	0.01711		75.07317486		1380786301
CRPT	LTCBTC	1380786482	0.017101	0.018	0.018	0.01711		75.07317486		1380786481
CRPT	LTCBTC	1380786783	0.017101	0.018	0.018	0.01711		75.07317486		1380786781
CRPT	LTCBTC	1380786902	0.017101	0.018	0.018	0.01711		75.07317486		1380786901
CRPT	LTCBTC	1380787082	0.017101	0.018	0.018	0.01711		75.07317486		1380787081
CRPT	LTCBTC	1380787207	0.017101	0.018	0.018	0.01711		75.07317486		1380787201
CRPT	LTCBTC	1380787219	0.017101	0.018	0.018	0.01711		75.07317486		1380787207
CRPT	LTCBTC	1380787383	0.017101	0.018	0.018	0.01711		75.07317486		1380787381
CRPT	LTCBTC	1380787501	0.017101	0.018	0.018	0.01711		75.07317486		1380787501
CRPT	LTCBTC	1380787682	0.017101	0.018	0.018	0.01711		75.07317486		1380787681
CRPT	LTCBTC	1380787802	0.017101	0.018	0.018	0.01711		75.07317486		1380787802
CRPT	LTCBTC	1380787984	0.017101	0.018	0.018	0.01711		75.07317486		1380787982
CRPT	LTCBTC	1380788101	0.017101	0.018	0.018	0.01711		75.07317486		1380788101
CRPT	LTCBTC	1380788281	0.017101	0.018	0.018	0.01711		75.07317486		1380788281
CRPT	LTCBTC	1380788283	0.017101	0.018	0.018	0.01711		75.07317486		1380788283
CRPT	LTCBTC	1380788401	0.017101	0.018	0.018	0.01711		75.07317486		1380788401
CRPT	LTCBTC	1380788582	0.017101	0.018	0.018	0.01711		75.07317486		1380788581
CRPT	LTCBTC	1380788701	0.017101	0.018	0.018	0.01711		75.07317486		1380788701
CRPT	LTCBTC	1380788882	0.017101	0.018	0.018	0.01711		75.07317486		1380788881
CRPT	LTCBTC	1380789011	0.017101	0.018	0.018	0.01711		75.07317486		1380789001
CRPT	LTCBTC	1380789181	0.017101	0.018	0.018	0.01711		75.07317486		1380789181
CRPT	LTCBTC	1380789302	0.017101	0.018	0.018	0.01711		75.07317486		1380789301
CRPT	LTCBTC	1380789481	0.01710101	0.01799999	0.018	0.01711		75.07317486		1380789481
CRPT	LTCBTC	1380789782	0.017101	0.018	0.018	0.01711		75.07317486		1380789781
CRPT	LTCBTC	1380789901	0.017101	0.018	0.018	0.01711		75.07317486		1380789901
CRPT	LTCBTC	1380790081	0.01710101	0.01799999	0.018	0.01711		75.07317486		1380790081
CRPT	LTCBTC	1380790383	0.01710102	0.018	0.018	0.01711		75.07317486		1380790381
CRPT	LTCBTC	1380790505	0.01710102	0.018	0.018	0.01711		75.07317486		1380790501
CRPT	LTCBTC	1380790514	0.01710102	0.018	0.018	0.01711		75.07317486		1380790514
CRPT	LTCBTC	1380790682	0.01710102	0.018	0.018	0.01711		75.07317486		1380790681
CRPT	LTCBTC	1380790808	0.01710102	0.018	0.018	0.01711		75.07317486		1380790807
CRPT	LTCBTC	1380790811	0.01710102	0.018	0.018	0.01711		75.07317486		1380790801
CRPT	LTCBTC	1380790981	0.01710102	0.018	0.018	0.01711		75.07317486		1380790981
CRPT	LTCBTC	1380791102	0.01710102	0.018	0.018	0.01711		75.07317486		1380791101
CRPT	LTCBTC	1380791281	0.01710102	0.018	0.018	0.01711		75.07317486		1380791281
CRPT	LTCBTC	1380791402	0.01710102	0.018	0.018	0.01711		75.07317486		1380791401
CRPT	LTCBTC	1380791583	0.01710102	0.018	0.018	0.01711		75.07317486		1380791581
CRPT	LTCBTC	1380791702	0.01710102	0.018	0.018	0.01711		75.07317486		1380791701
CRPT	LTCBTC	1380791882	0.01710102	0.018	0.018	0.01711		75.07317486		1380791881
CRPT	LTCBTC	1380791884	0.01710102	0.018	0.018	0.01711		75.07317486		1380791883
CRPT	LTCBTC	1380792004	0.01710102	0.018	0.018	0.01711		75.07317486		1380792001
CRPT	LTCBTC	1380792182	0.01710102	0.018	0.018	0.01711		75.07317486		1380792182
CRPT	LTCBTC	1380792301	0.01710102	0.018	0.018	0.01711		75.07317486		1380792301
CRPT	LTCBTC	1380792481	0.01710102	0.018	0.018	0.01711		75.07317486		1380792481
CRPT	LTCBTC	1380792613	0.01710102	0.018	0.018	0.01711		75.07317486		1380792601
CRPT	LTCBTC	1380792782	0.01710102	0.018	0.018	0.01711		75.07317486		1380792781
CRPT	LTCBTC	1380792901	0.01710102	0.018	0.018	0.01711		75.07317486		1380792901
CRPT	LTCBTC	1380793082	0.01710102	0.018	0.018	0.01711		75.07317486		1380793081
CRPT	LTCBTC	1380793381	0.01710102	0.018	0.018	0.01711		75.07317486		1380793381
CRPT	LTCBTC	1380793502	0.01710102	0.018	0.018	0.01711		75.07317486		1380793501
CRPT	LTCBTC	1380793682	0.01710102	0.018	0.018	0.01711		75.07317486		1380793681
CRPT	LTCBTC	1380793981	0.01710102	0.018	0.018	0.01711		75.07317486		1380793981
CRPT	LTCBTC	1380794102	0.01710103	0.01799999	0.018	0.01711		75.07317486		1380794101
CRPT	LTCBTC	1380794282	0.01710103	0.01799999	0.018	0.01711		75.07317486		1380794281
CRPT	LTCBTC	1380794403	0.01710103	0.01799999	0.018	0.01711		75.07317486		1380794401
CRPT	LTCBTC	1380794405	0.01710103	0.01799999	0.018	0.01711		75.07317486		1380794404
CRPT	LTCBTC	1380794581	0.01710103	0.01799999	0.018	0.01711		75.07317486		1380794581
CRPT	LTCBTC	1380794702	0.01710103	0.01799999	0.018	0.01711		75.07317486		1380794701
CRPT	LTCBTC	1380794882	0.01710103	0.01799999	0.018	0.01711		75.07317486		1380794881
CRPT	LTCBTC	1380795005	0.01710103	0.01799999	0.018	0.01711		75.07317486		1380795002
CRPT	LTCBTC	1380795182	0.01720103	0.01799999	0.018	0.01711		75.07317486		1380795181
CRPT	LTCBTC	1380795304	0.01720103	0.018	0.018	0.01711		75.07317486		1380795301
CRPT	LTCBTC	1380795482	0.01720103	0.018	0.018	0.01711		75.07317486		1380795481
CRPT	LTCBTC	1380795484	0.01720103	0.018	0.018	0.01711		75.07317486		1380795483
CRPT	LTCBTC	1380795602	0.01720103	0.018	0.018	0.01711		75.07317486		1380795601
CRPT	LTCBTC	1380795784	0.01720103	0.018	0.018	0.01711		75.07317486		1380795781
CRPT	LTCBTC	1380795901	0.01720103	0.018	0.018	0.01711		75.07317486		1380795901
CRPT	LTCBTC	1380796082	0.01720103	0.018	0.018	0.01711		75.07317486		1380796081
CRPT	LTCBTC	1380796210	0.01720103	0.018	0.018	0.01711		75.07317486		1380796201
CRPT	LTCBTC	1380796382	0.01720103	0.018	0.018	0.01711		75.07317486		1380796381
CRPT	LTCBTC	1380796502	0.01720103	0.018	0.018	0.01711		75.07317486		1380796501
CRPT	LTCBTC	1380796682	0.01720103	0.018	0.018	0.01711		75.07317486		1380796681
CRPT	LTCBTC	1380796982	0.01720103	0.018	0.018	0.01711		75.07317486		1380796981
CRPT	LTCBTC	1380797102	0.01720103	0.018	0.018	0.01711		75.07317486		1380797101
CRPT	LTCBTC	1380797285	0.0171	0.018	0.018	0.01711		85.01502135		1380797281
CRPT	LTCBTC	1380797582	0.0171	0.018	0.018	0.01711		85.01502135		1380797582
CRPT	LTCBTC	1380797701	0.0171	0.018	0.018	0.01711		85.01502135		1380797701
CRPT	LTCBTC	1380797713	0.0171	0.018	0.018	0.01711		85.01502135		1380797713
CRPT	LTCBTC	1380797883	0.0171	0.018	0.018	0.01711		85.01502135		1380797882
CRPT	LTCBTC	1380798008	0.0171	0.018	0.018	0.01711		85.01502135		1380798007
CRPT	LTCBTC	1380798011	0.0171	0.018	0.018	0.01711		85.01502135		1380798001
CRPT	LTCBTC	1380798182	0.0171	0.018	0.018	0.01711		85.01502135		1380798181
CRPT	LTCBTC	1380798302	0.0171	0.018	0.018	0.01711		85.01502135		1380798301
CRPT	LTCBTC	1380798482	0.0171	0.018	0.018	0.01711		85.01502135		1380798481
CRPT	LTCBTC	1380798602	0.0171	0.018	0.018	0.01711		85.01502135		1380798601
CRPT	LTCBTC	1380798782	0.0171	0.018	0.018	0.01711		85.01502135		1380798781
CRPT	LTCBTC	1380798901	0.0171	0.018	0.018	0.01711		85.01502135		1380798901
CRPT	LTCBTC	1380799081	0.0171	0.018	0.018	0.01711		85.01502135		1380799081
CRPT	LTCBTC	1380799083	0.0171	0.018	0.018	0.01711		85.01502135		1380799083
CRPT	LTCBTC	1380799202	0.0171	0.018	0.018	0.01711		85.01502135		1380799201
CRPT	LTCBTC	1380799381	0.0171	0.018	0.018	0.01711		85.01502135		1380799381
CRPT	LTCBTC	1380799502	0.0171	0.018	0.018	0.01711		85.01502135		1380799501
CRPT	LTCBTC	1380799683	0.0171	0.018	0.018	0.01711		85.01502135		1380799681
CRPT	LTCBTC	1380799811	0.0171	0.018	0.018	0.01711		85.01502135		1380799801
CRPT	LTCBTC	1380799982	0.0171	0.018	0.018	0.01711		85.01502135		1380799981
CRPT	LTCBTC	1380800102	0.0171	0.018	0.018	0.01711		85.01502135		1380800102
CRPT	LTCBTC	1380800283	0.0171	0.018	0.018	0.01711		85.01502135		1380800281
CRPT	LTCBTC	1380800582	0.0171	0.018	0.018	0.01711		85.01502135		1380800581
CRPT	LTCBTC	1380800702	0.0171	0.018	0.018	0.01711		85.01502135		1380800702
CRPT	LTCBTC	1380800883	0.0171	0.018	0.018	0.01711		85.01502135		1380800882
CRPT	LTCBTC	1380801181	0.0171	0.018	0.018	0.01711		85.01502135		1380801181
CRPT	LTCBTC	1380801301	0.0171	0.018	0.018	0.01711		85.01502135		1380801301
CRPT	LTCBTC	1380801481	0.0171	0.018	0.018	0.01711		85.01502135		1380801481
CRPT	LTCBTC	1380801602	0.0171	0.018	0.018	0.01711		85.01502135		1380801601
CRPT	LTCBTC	1380801603	0.0171	0.018	0.018	0.01711		85.01502135		1380801603
CRPT	LTCBTC	1380801782	0.0171	0.018	0.018	0.0171		90.01449283		1380801781
CRPT	LTCBTC	1380801903	0.0171	0.018	0.018	0.0171		90.01449283		1380801902
CRPT	LTCBTC	1380802082	0.0171	0.018	0.018	0.0171		90.01449283		1380802081
CRPT	LTCBTC	1380802202	0.0171	0.018	0.018	0.0171		90.01449283		1380802201
CRPT	LTCBTC	1380802382	0.0171	0.018	0.018	0.0171		90.01449283		1380802381
CRPT	LTCBTC	1380802502	0.0171	0.018	0.018	0.0171		90.01449283		1380802502
CRPT	LTCBTC	1380802681	0.0171	0.018	0.018	0.0171		90.01449283		1380802681
CRPT	LTCBTC	1380802683	0.0171	0.018	0.018	0.0171		90.01449283		1380802683
CRPT	LTCBTC	1380802804	0.0171	0.018	0.018	0.0171		90.01449283		1380802801
CRPT	LTCBTC	1380802982	0.0171	0.018	0.018	0.0171		90.01449283		1380802981
CRPT	LTCBTC	1380803101	0.0171	0.018	0.018	0.0171		90.01449283		1380803101
CRPT	LTCBTC	1380803282	0.0171	0.018	0.018	0.0171		90.01449283		1380803281
CRPT	LTCBTC	1380803409	0.0171	0.018	0.018	0.0171		90.01449283		1380803401
CRPT	LTCBTC	1380803582	0.0171	0.018	0.018	0.0171		90.01449283		1380803581
CRPT	LTCBTC	1380803702	0.0171	0.018	0.018	0.0171		90.01449283		1380803701
CRPT	LTCBTC	1380803886	0.0171	0.0179	0.018	0.0171		99.93645562		1380803881
CRPT	LTCBTC	1380804182	0.0171	0.0179	0.018	0.0171		99.93645562		1380804181
CRPT	LTCBTC	1380804303	0.0171	0.0179	0.018	0.0171		99.93645562		1380804301
CRPT	LTCBTC	1380804483	0.0171	0.0179	0.018	0.0171		99.93645562		1380804481
CRPT	LTCBTC	1380804781	0.0171	0.0179	0.018	0.0171		99.93645562		1380804781
CRPT	LTCBTC	1380804902	0.0171	0.0179	0.018	0.0171		99.93645562		1380804901
CRPT	LTCBTC	1380805081	0.0171	0.0179	0.018	0.0171		99.93645562		1380805081
CRPT	LTCBTC	1380805201	0.0171	0.0179	0.018	0.0171		99.93645562		1380805201
CRPT	LTCBTC	1380805202	0.0171	0.0179	0.018	0.0171		99.93645562		1380805202
CRPT	LTCBTC	1380805382	0.0171	0.0179	0.018	0.0171		99.93645562		1380805381
CRPT	LTCBTC	1380805501	0.0171	0.0179	0.018	0.0171		99.93645562		1380805501
CRPT	LTCBTC	1380805681	0.0171	0.0179	0.018	0.0171		99.93645562		1380805681
CRPT	LTCBTC	1380805802	0.0171	0.0179	0.018	0.0171		99.93645562		1380805801
CRPT	LTCBTC	1380805982	0.0171	0.0179	0.018	0.0171		99.93645562		1380805981
CRPT	LTCBTC	1380806102	0.0171	0.0179	0.018	0.0171		99.93645562		1380806101
CRPT	LTCBTC	1380806282	0.0171	0.0179	0.018	0.0171		99.93645562		1380806281
CRPT	LTCBTC	1380806284	0.0171	0.0179	0.018	0.0171		99.93645562		1380806283
CRPT	LTCBTC	1380806402	0.0171	0.0179	0.018	0.0171		99.93645562		1380806401
CRPT	LTCBTC	1380806582	0.0171	0.0179	0.018	0.0171		99.93645562		1380806581
CRPT	LTCBTC	1380806702	0.0171	0.0179	0.018	0.0171		99.93645562		1380806701
CRPT	LTCBTC	1380806881	0.0171	0.0179	0.018	0.0171		99.93645562		1380806881
CRPT	LTCBTC	1380807007	0.0171	0.0179	0.018	0.0171		99.93645562		1380807001
CRPT	LTCBTC	1380807185	0.0171	0.0179	0.018	0.0171		99.93645562		1380807181
CRPT	LTCBTC	1380807302	0.0171	0.0179	0.018	0.0171		99.93645562		1380807302
CRPT	LTCBTC	1380807482	0.0171	0.0179	0.018	0.0171		99.93645562		1380807481
CRPT	LTCBTC	1380807783	0.0171	0.0179	0.018	0.0171		99.93645562		1380807781
CRPT	LTCBTC	1380807902	0.0171	0.0179	0.018	0.0171		99.93645562		1380807901
CRPT	LTCBTC	1380808083	0.017	0.0179	0.018	0.017		240.05147718		1380808081
CRPT	LTCBTC	1380808385	0.017	0.0179	0.018	0.017		240.05147718		1380808381
CRPT	LTCBTC	1380808502	0.017	0.0179	0.018	0.017		240.05147718		1380808501
CRPT	LTCBTC	1380808683	0.017	0.0179	0.018	0.017		240.05147718		1380808681
CRPT	LTCBTC	1380808802	0.017	0.0179	0.018	0.017		240.05147718		1380808801
CRPT	LTCBTC	1380808815	0.017	0.0179	0.018	0.017		240.05147718		1380808803
CRPT	LTCBTC	1380808982	0.017	0.0175	0.018	0.017		240.05147718		1380808981
CRPT	LTCBTC	1380809101	0.017	0.0175	0.018	0.017		240.05147718		1380809101
CRPT	LTCBTC	1380809281	0.017	0.0175	0.018	0.017		240.05147718		1380809281
CRPT	LTCBTC	1380809403	0.017	0.0175	0.018	0.017		240.05147718		1380809401
CRPT	LTCBTC	1380809583	0.017	0.0175	0.018	0.017		240.05147718		1380809581
CRPT	LTCBTC	1380809701	0.017	0.0175	0.018	0.017		240.05147718		1380809701
CRPT	LTCBTC	1380809882	0.017	0.017499	0.018	0.017		240.05147718		1380809881
CRPT	LTCBTC	1380809885	0.017	0.017499	0.018	0.017		240.05147718		1380809883
CRPT	LTCBTC	1380810002	0.017	0.017499	0.018	0.017		240.05147718		1380810001
CRPT	LTCBTC	1380810182	0.017	0.017499	0.018	0.017		240.05147718		1380810181
CRPT	LTCBTC	1380810302	0.017	0.017499	0.018	0.017		240.05147718		1380810301
CRPT	LTCBTC	1380810482	0.017	0.017499	0.018	0.017		240.05147718		1380810481
CRPT	LTCBTC	1380810610	0.017	0.017499	0.018	0.017		240.05147718		1380810601
CRPT	LTCBTC	1380810784	0.017	0.017499	0.018	0.017		240.05147718		1380810781
CRPT	LTCBTC	1380810902	0.017	0.017499	0.018	0.017		240.05147718		1380810901
CRPT	LTCBTC	1380811081	0.017	0.017499	0.018	0.017		240.05147718		1380811081
CRPT	LTCBTC	1380811381	0.017	0.017499	0.018	0.017		240.05147718		1380811381
CRPT	LTCBTC	1380811501	0.017	0.017499	0.018	0.017		240.05147718		1380811501
CRPT	LTCBTC	1380811681	0.017	0.017499	0.018	0.017		240.05147718		1380811681
CRPT	LTCBTC	1380811982	0.017	0.017499	0.018	0.017		240.05147718		1380811981
CRPT	LTCBTC	1380812103	0.017	0.017499	0.018	0.017		240.05147718		1380812101
CRPT	LTCBTC	1380812116	0.017	0.017499	0.018	0.017		240.05147718		1380812113
CRPT	LTCBTC	1380812282	0.017	0.017499	0.018	0.017		240.05147718		1380812281
CRPT	LTCBTC	1380812407	0.017	0.017499	0.018	0.017		240.05147718		1380812402
CRPT	LTCBTC	1380812407	0.017	0.017499	0.018	0.017		240.05147718		1380812407
CRPT	LTCBTC	1380812582	0.017	0.017499	0.018	0.017		240.05147718		1380812581
CRPT	LTCBTC	1380812702	0.017	0.017499	0.018	0.017		240.05147718		1380812701
CRPT	LTCBTC	1380812882	0.017	0.017499	0.018	0.017		240.05147718		1380812881
CRPT	LTCBTC	1380813002	0.017	0.017499	0.018	0.017		240.05147718		1380813001
CRPT	LTCBTC	1380813182	0.017	0.017499	0.018	0.017		240.05147718		1380813182
CRPT	LTCBTC	1380813301	0.017	0.017499	0.018	0.017		240.05147718		1380813301
CRPT	LTCBTC	1380813482	0.017	0.017499	0.018	0.017		240.05147718		1380813481
CRPT	LTCBTC	1380813483	0.017	0.017499	0.018	0.017		240.05147718		1380813483
CRPT	LTCBTC	1380813601	0.017	0.017499	0.018	0.017		240.05147718		1380813601
CRPT	LTCBTC	1380813782	0.017	0.017499	0.018	0.017		240.05147718		1380813781
CRPT	LTCBTC	1380813901	0.017	0.017499	0.018	0.017		240.05147718		1380813901
CRPT	LTCBTC	1380814083	0.017	0.017499	0.018	0.017		240.05147718		1380814081
CRPT	LTCBTC	1380814207	0.017	0.017499	0.018	0.017		240.05147718		1380814201
CRPT	LTCBTC	1380814382	0.017	0.017499	0.018	0.017		240.05147718		1380814381
CRPT	LTCBTC	1380814502	0.017	0.017499	0.018	0.017		240.05147718		1380814501
CRPT	LTCBTC	1380814682	0.017	0.017499	0.018	0.017		240.05147718		1380814681
CRPT	LTCBTC	1380814982	0.017	0.017499	0.018	0.017		240.05147718		1380814981
CRPT	LTCBTC	1380815102	0.017	0.017499	0.018	0.017		240.05147718		1380815101
CRPT	LTCBTC	1380815281	0.017	0.017499	0.018	0.017		240.05147718		1380815281
CRPT	LTCBTC	1380815582	0.017	0.017499	0.018	0.017		240.05147718		1380815581
CRPT	LTCBTC	1380815707	0.0175	0.0179	0.018	0.017		274.46759213		1380815701
CRPT	LTCBTC	1380815714	0.0175	0.0179	0.018	0.017		274.46759213		1380815713
CRPT	LTCBTC	1380815882	0.017	0.0179	0.018	0.017		308.88369213		1380815881
CRPT	LTCBTC	1380816008	0.017	0.0179	0.018	0.017		308.88369213		1380816007
CRPT	LTCBTC	1380816019	0.017	0.0179	0.018	0.017		308.88369213		1380816001
CRPT	LTCBTC	1380816182	0.017	0.0179	0.018	0.017		308.88369213		1380816181
CRPT	LTCBTC	1380816301	0.017	0.0179	0.018	0.017		308.88369213		1380816301
CRPT	LTCBTC	1380816482	0.017	0.0179	0.018	0.017		308.88369213		1380816481
CRPT	LTCBTC	1380816602	0.017	0.0179	0.018	0.017		308.88369213		1380816601
CRPT	LTCBTC	1380816783	0.017	0.0179	0.018	0.017		308.88369213		1380816782
CRPT	LTCBTC	1380816901	0.017	0.0179	0.018	0.017		308.88369213		1380816901
CRPT	LTCBTC	1380817082	0.017	0.0179	0.018	0.017		308.88369213		1380817081
CRPT	LTCBTC	1380817084	0.017	0.0179	0.018	0.017		308.88369213		1380817083
CRPT	LTCBTC	1380817205	0.017	0.01761	0.018	0.017		308.88369213		1380817201
CRPT	LTCBTC	1380817381	0.017	0.01761	0.018	0.017		308.88369213		1380817381
CRPT	LTCBTC	1380817501	0.017	0.01761	0.018	0.017		308.88369213		1380817501
CRPT	LTCBTC	1380817681	0.017	0.01761	0.018	0.017		308.88369213		1380817681
CRPT	LTCBTC	1380817807	0.017	0.01761	0.018	0.017		308.88369213		1380817801
CRPT	LTCBTC	1380817982	0.017	0.01761	0.018	0.017		308.88369213		1380817981
CRPT	LTCBTC	1380818101	0.017	0.01761	0.018	0.017		308.88369213		1380818101
CRPT	LTCBTC	1380818282	0.017	0.01761	0.018	0.017		308.88369213		1380818281
CRPT	LTCBTC	1380818585	0.017	0.01761	0.018	0.017		308.88369213		1380818581
CRPT	LTCBTC	1380818702	0.017	0.01761	0.018	0.017		308.88369213		1380818701
CRPT	LTCBTC	1380818881	0.017	0.01761	0.018	0.017		308.88369213		1380818881
CRPT	LTCBTC	1380819183	0.017	0.01761	0.018	0.017		308.88369213		1380819181
CRPT	LTCBTC	1380819303	0.017	0.01761	0.018	0.017		308.88369213		1380819301
CRPT	LTCBTC	1380819482	0.017	0.01761	0.018	0.017		308.88369213		1380819481
CRPT	LTCBTC	1380819602	0.017	0.01761	0.018	0.017		308.88369213		1380819601
CRPT	LTCBTC	1380819605	0.017	0.01761	0.018	0.017		308.88369213		1380819604
CRPT	LTCBTC	1380819791	0.017	0.01761	0.018	0.017		308.88369213		1380819781
CRPT	LTCBTC	1380819902	0.017	0.01761	0.018	0.017		308.88369213		1380819902
CRPT	LTCBTC	1380820082	0.017	0.01761	0.018	0.017		308.88369213		1380820082
CRPT	LTCBTC	1380820201	0.017	0.01761	0.018	0.017		308.88369213		1380820201
CRPT	LTCBTC	1380820383	0.017	0.01761	0.018	0.017		308.88369213		1380820381
CRPT	LTCBTC	1380820501	0.017	0.01761	0.018	0.017		308.88369213		1380820501
CRPT	LTCBTC	1380820682	0.017	0.01761	0.018	0.017		308.88369213		1380820681
CRPT	LTCBTC	1380820685	0.017	0.01761	0.018	0.017		308.88369213		1380820684
CRPT	LTCBTC	1380820802	0.017	0.01761	0.018	0.017		308.88369213		1380820801
CRPT	LTCBTC	1380820983	0.017	0.01761	0.018	0.017		308.88369213		1380820981
CRPT	LTCBTC	1380821103	0.017	0.01761	0.018	0.017		308.88369213		1380821101
CRPT	LTCBTC	1380821282	0.017	0.01761	0.018	0.017		308.88369213		1380821281
CRPT	LTCBTC	1380821403	0.017	0.01761	0.018	0.017		308.88369213		1380821401
CRPT	LTCBTC	1380821582	0.017	0.01761	0.018	0.017		308.88369213		1380821581
CRPT	LTCBTC	1380821702	0.017	0.01761	0.018	0.017		308.88369213		1380821701
CRPT	LTCBTC	1380821883	0.017	0.01761	0.018	0.017		308.88369213		1380821881
CRPT	LTCBTC	1380822183	0.017	0.017699	0.018	0.017		308.88369213		1380822182
CRPT	LTCBTC	1380822301	0.017	0.017699	0.018	0.017		308.88369213		1380822301
CRPT	LTCBTC	1380822481	0.017	0.017699	0.018	0.017		308.88369213		1380822481
CRPT	LTCBTC	1380822783	0.017	0.017699	0.018	0.017		308.88369213		1380822781
CRPT	LTCBTC	1380822902	0.017	0.017699	0.018	0.017		308.88369213		1380822901
CRPT	LTCBTC	1380823082	0.017	0.017699	0.018	0.017		308.88369213		1380823081
CRPT	LTCBTC	1380823202	0.017	0.017699	0.018	0.017		308.88369213		1380823201
CRPT	LTCBTC	1380823204	0.017	0.017699	0.018	0.017		308.88369213		1380823204
CRPT	LTCBTC	1380823382	0.017	0.017699	0.018	0.017		308.88369213		1380823381
CRPT	LTCBTC	1380823502	0.017	0.017699	0.018	0.017		308.88369213		1380823501
CRPT	LTCBTC	1380823682	0.017	0.017699	0.018	0.017		308.88369213		1380823681
CRPT	LTCBTC	1380823803	0.017	0.017699	0.018	0.017		308.88369213		1380823801
CRPT	LTCBTC	1380823983	0.017	0.017699	0.018	0.017		308.88369213		1380823981
CRPT	LTCBTC	1380824103	0.017	0.017699	0.018	0.017		308.88369213		1380824101
CRPT	LTCBTC	1380824283	0.017	0.017699	0.018	0.017		308.88369213		1380824281
CRPT	LTCBTC	1380824290	0.017	0.017699	0.018	0.017		308.88369213		1380824286
CRPT	LTCBTC	1380824401	0.017	0.017699	0.018	0.017		308.88369213		1380824401
CRPT	LTCBTC	1380824581	0.017	0.017699	0.018	0.017		308.88369213		1380824581
CRPT	LTCBTC	1380824701	0.017	0.017699	0.018	0.017		308.88369213		1380824701
CRPT	LTCBTC	1380824882	0.017	0.017699	0.018	0.017		308.88369213		1380824881
CRPT	LTCBTC	1380825002	0.017	0.017699	0.018	0.017		308.88369213		1380825001
CRPT	LTCBTC	1380825182	0.017	0.017699	0.018	0.017		308.88369213		1380825181
CRPT	LTCBTC	1380825302	0.017	0.017699	0.018	0.017		308.88369213		1380825301
CRPT	LTCBTC	1380825483	0.017	0.017699	0.018	0.017		308.88369213		1380825481
CRPT	LTCBTC	1380825782	0.017	0.017699	0.018	0.017		308.88369213		1380825782
CRPT	LTCBTC	1380825904	0.0171	0.017699	0.018	0.017		308.88369213		1380825901
CRPT	LTCBTC	1380826081	0.017	0.017699	0.018	0.017		308.88369213		1380826081
CRPT	LTCBTC	1380826382	0.017	0.017699	0.018	0.017		308.88369213		1380826381
CRPT	LTCBTC	1380826502	0.017	0.017699	0.018	0.017		308.88369213		1380826501
CRPT	LTCBTC	1380826513	0.017	0.017699	0.018	0.017		308.88369213		1380826513
CRPT	LTCBTC	1380826682	0.017	0.017699	0.018	0.017		308.88369213		1380826681
CRPT	LTCBTC	1380826802	0.017	0.017699	0.018	0.017		308.88369213		1380826801
CRPT	LTCBTC	1380826804	0.017	0.017699	0.018	0.017		308.88369213		1380826803
CRPT	LTCBTC	1380826981	0.017	0.017699	0.018	0.017		308.88369213		1380826981
CRPT	LTCBTC	1380827101	0.017	0.017699	0.018	0.017		308.88369213		1380827101
CRPT	LTCBTC	1380827281	0.017	0.017699	0.018	0.017		308.88369213		1380827281
CRPT	LTCBTC	1380827404	0.01700001	0.01769899	0.018	0.017		308.88369213		1380827401
CRPT	LTCBTC	1380827583	0.01700001	0.01769899	0.018	0.017		308.88369213		1380827581
CRPT	LTCBTC	1380827702	0.01700001	0.01769899	0.018	0.017		308.88369213		1380827701
